Iteration: 1
Kernel: [[0.10347737 0.47091167 0.2501799 ]
 [0.43534891 0.42246785 0.95957028]
 [0.3484803  0.4241564  0.16431536]]
Time in method 1: 0.004907846450805664
Time in method 2: 0.005560636520385742
Difference in time: 0.0006527900695800781

Iteration: 2
Kernel: [[0.10347737 0.47091167 0.2501799 ]
 [0.43534891 0.42246785 0.95957028]
 [0.3484803  0.4241564  0.16431536]]
Time in method 1: 0.005568981170654297
Time in method 2: 0.005789279937744141
Difference in time: 0.00022029876708984375

Iteration: 3
Kernel: [[0.10347737 0.47091167 0.2501799 ]
 [0.43534891 0.42246785 0.95957028]
 [0.3484803  0.4241564  0.16431536]]
Time in method 1: 0.0052661895751953125
Time in method 2: 0.005583047866821289
Difference in time: 0.00031685829162597656

Iteration: 4
Kernel: [[0.10347737 0.47091167 0.2501799 ]
 [0.43534891 0.42246785 0.95957028]
 [0.3484803  0.4241564  0.16431536]]
Time in method 1: 0.005700826644897461
Time in method 2: 0.006000995635986328
Difference in time: 0.0003001689910888672

Iteration: 5
Kernel: [[0.10347737 0.47091167 0.2501799 ]
 [0.43534891 0.42246785 0.95957028]
 [0.3484803  0.4241564  0.16431536]]
Time in method 1: 0.0053844451904296875
Time in method 2: 0.005916595458984375
Difference in time: 0.0005321502685546875

Kernel: [[0.37476757 0.97721218 0.39485326 0.78173682 0.0010037  0.86431316
  0.28970856]
 [0.28620716 0.27096284 0.46816782 0.21863501 0.88083717 0.56703387
  0.4765038 ]
 [0.46727299 0.5103904  0.80281254 0.8578353  0.13441262 0.60974864
  0.37001518]
 [0.97826678 0.15370599 0.82660918 0.03794574 0.09527712 0.45606779
  0.57665395]
 [0.85178988 0.26598961 0.25145187 0.63333612 0.41866967 0.88652064
  0.3657374 ]
 [0.64569826 0.05672103 0.58605638 0.41369456 0.12239234 0.58111928
  0.61306038]
 [0.9721147  0.94627957 0.4847133  0.47921238 0.61791741 0.29207983
  0.0880798 ]]
Time in method 1: 0.012822866439819336
Time in method 2: 0.017886638641357422
Difference in time: 0.005063772201538086

Kernel: [[0.37476757 0.97721218 0.39485326 0.78173682 0.0010037  0.86431316
  0.28970856]
 [0.28620716 0.27096284 0.46816782 0.21863501 0.88083717 0.56703387
  0.4765038 ]
 [0.46727299 0.5103904  0.80281254 0.8578353  0.13441262 0.60974864
  0.37001518]
 [0.97826678 0.15370599 0.82660918 0.03794574 0.09527712 0.45606779
  0.57665395]
 [0.85178988 0.26598961 0.25145187 0.63333612 0.41866967 0.88652064
  0.3657374 ]
 [0.64569826 0.05672103 0.58605638 0.41369456 0.12239234 0.58111928
  0.61306038]
 [0.9721147  0.94627957 0.4847133  0.47921238 0.61791741 0.29207983
  0.0880798 ]]
Time in method 1: 0.013173818588256836
Time in method 2: 0.018468856811523438
Difference in time: 0.0052950382232666016

Kernel: [[0.37476757 0.97721218 0.39485326 0.78173682 0.0010037  0.86431316
  0.28970856]
 [0.28620716 0.27096284 0.46816782 0.21863501 0.88083717 0.56703387
  0.4765038 ]
 [0.46727299 0.5103904  0.80281254 0.8578353  0.13441262 0.60974864
  0.37001518]
 [0.97826678 0.15370599 0.82660918 0.03794574 0.09527712 0.45606779
  0.57665395]
 [0.85178988 0.26598961 0.25145187 0.63333612 0.41866967 0.88652064
  0.3657374 ]
 [0.64569826 0.05672103 0.58605638 0.41369456 0.12239234 0.58111928
  0.61306038]
 [0.9721147  0.94627957 0.4847133  0.47921238 0.61791741 0.29207983
  0.0880798 ]]
Time in method 1: 0.013274192810058594
Time in method 2: 0.018528461456298828
Difference in time: 0.005254268646240234

Kernel: [[0.37476757 0.97721218 0.39485326 0.78173682 0.0010037  0.86431316
  0.28970856]
 [0.28620716 0.27096284 0.46816782 0.21863501 0.88083717 0.56703387
  0.4765038 ]
 [0.46727299 0.5103904  0.80281254 0.8578353  0.13441262 0.60974864
  0.37001518]
 [0.97826678 0.15370599 0.82660918 0.03794574 0.09527712 0.45606779
  0.57665395]
 [0.85178988 0.26598961 0.25145187 0.63333612 0.41866967 0.88652064
  0.3657374 ]
 [0.64569826 0.05672103 0.58605638 0.41369456 0.12239234 0.58111928
  0.61306038]
 [0.9721147  0.94627957 0.4847133  0.47921238 0.61791741 0.29207983
  0.0880798 ]]
Time in method 1: 0.014002084732055664
Time in method 2: 0.019063711166381836
Difference in time: 0.005061626434326172

Kernel: [[0.37476757 0.97721218 0.39485326 0.78173682 0.0010037  0.86431316
  0.28970856]
 [0.28620716 0.27096284 0.46816782 0.21863501 0.88083717 0.56703387
  0.4765038 ]
 [0.46727299 0.5103904  0.80281254 0.8578353  0.13441262 0.60974864
  0.37001518]
 [0.97826678 0.15370599 0.82660918 0.03794574 0.09527712 0.45606779
  0.57665395]
 [0.85178988 0.26598961 0.25145187 0.63333612 0.41866967 0.88652064
  0.3657374 ]
 [0.64569826 0.05672103 0.58605638 0.41369456 0.12239234 0.58111928
  0.61306038]
 [0.9721147  0.94627957 0.4847133  0.47921238 0.61791741 0.29207983
  0.0880798 ]]
Time in method 1: 0.013948440551757812
Time in method 2: 0.019732236862182617
Difference in time: 0.005783796310424805

Kernel: [[0.25702888 0.52066355 0.09491992 0.20745531 0.44824943 0.44921431
  0.04292417 0.77716334 0.53883279 0.48648169 0.44125363]
 [0.15442524 0.13730392 0.68864153 0.47862693 0.07923226 0.84485939
  0.36224998 0.72145781 0.63098066 0.33130808 0.10271235]
 [0.32630105 0.27735622 0.43782752 0.93446352 0.55295    0.48412709
  0.23307654 0.1278227  0.79849627 0.28747785 0.18974311]
 [0.29095272 0.24387535 0.68321108 0.59187851 0.81207403 0.57337919
  0.68435537 0.93184942 0.73254086 0.92965712 0.95556433]
 [0.986897   0.91811103 0.86802336 0.08756762 0.7716437  0.11782706
  0.31624719 0.01321041 0.79434584 0.74738323 0.60520114]
 [0.84096556 0.43416319 0.66556536 0.6961535  0.65748647 0.60013654
  0.02438404 0.19107128 0.7254075  0.62980464 0.72192811]
 [0.70251737 0.50067922 0.81753236 0.40451934 0.44555152 0.93441742
  0.54274227 0.79067347 0.11989879 0.01491823 0.94114151]
 [0.72502415 0.6101951  0.59075874 0.32233217 0.85070481 0.7814957
  0.88574978 0.33835733 0.22089596 0.41636604 0.25575726]
 [0.56235278 0.62232716 0.239288   0.40035271 0.10946012 0.69134883
  0.01630087 0.54682082 0.30403143 0.16842248 0.24217205]
 [0.11381593 0.28507159 0.71344637 0.5292136  0.0880697  0.68437898
  0.64194074 0.47987594 0.17035002 0.85903741 0.38535425]
 [0.44870818 0.2745604  0.76245072 0.2458003  0.54373627 0.81190484
  0.50947199 0.1934154  0.03525544 0.71524045 0.33547288]]
Time in method 1: 0.03000664710998535
Time in method 2: 0.03935956954956055
Difference in time: 0.009352922439575195

Kernel: [[0.25702888 0.52066355 0.09491992 0.20745531 0.44824943 0.44921431
  0.04292417 0.77716334 0.53883279 0.48648169 0.44125363]
 [0.15442524 0.13730392 0.68864153 0.47862693 0.07923226 0.84485939
  0.36224998 0.72145781 0.63098066 0.33130808 0.10271235]
 [0.32630105 0.27735622 0.43782752 0.93446352 0.55295    0.48412709
  0.23307654 0.1278227  0.79849627 0.28747785 0.18974311]
 [0.29095272 0.24387535 0.68321108 0.59187851 0.81207403 0.57337919
  0.68435537 0.93184942 0.73254086 0.92965712 0.95556433]
 [0.986897   0.91811103 0.86802336 0.08756762 0.7716437  0.11782706
  0.31624719 0.01321041 0.79434584 0.74738323 0.60520114]
 [0.84096556 0.43416319 0.66556536 0.6961535  0.65748647 0.60013654
  0.02438404 0.19107128 0.7254075  0.62980464 0.72192811]
 [0.70251737 0.50067922 0.81753236 0.40451934 0.44555152 0.93441742
  0.54274227 0.79067347 0.11989879 0.01491823 0.94114151]
 [0.72502415 0.6101951  0.59075874 0.32233217 0.85070481 0.7814957
  0.88574978 0.33835733 0.22089596 0.41636604 0.25575726]
 [0.56235278 0.62232716 0.239288   0.40035271 0.10946012 0.69134883
  0.01630087 0.54682082 0.30403143 0.16842248 0.24217205]
 [0.11381593 0.28507159 0.71344637 0.5292136  0.0880697  0.68437898
  0.64194074 0.47987594 0.17035002 0.85903741 0.38535425]
 [0.44870818 0.2745604  0.76245072 0.2458003  0.54373627 0.81190484
  0.50947199 0.1934154  0.03525544 0.71524045 0.33547288]]
Time in method 1: 0.026661157608032227
Time in method 2: 0.04229736328125
Difference in time: 0.015636205673217773

Kernel: [[0.25702888 0.52066355 0.09491992 0.20745531 0.44824943 0.44921431
  0.04292417 0.77716334 0.53883279 0.48648169 0.44125363]
 [0.15442524 0.13730392 0.68864153 0.47862693 0.07923226 0.84485939
  0.36224998 0.72145781 0.63098066 0.33130808 0.10271235]
 [0.32630105 0.27735622 0.43782752 0.93446352 0.55295    0.48412709
  0.23307654 0.1278227  0.79849627 0.28747785 0.18974311]
 [0.29095272 0.24387535 0.68321108 0.59187851 0.81207403 0.57337919
  0.68435537 0.93184942 0.73254086 0.92965712 0.95556433]
 [0.986897   0.91811103 0.86802336 0.08756762 0.7716437  0.11782706
  0.31624719 0.01321041 0.79434584 0.74738323 0.60520114]
 [0.84096556 0.43416319 0.66556536 0.6961535  0.65748647 0.60013654
  0.02438404 0.19107128 0.7254075  0.62980464 0.72192811]
 [0.70251737 0.50067922 0.81753236 0.40451934 0.44555152 0.93441742
  0.54274227 0.79067347 0.11989879 0.01491823 0.94114151]
 [0.72502415 0.6101951  0.59075874 0.32233217 0.85070481 0.7814957
  0.88574978 0.33835733 0.22089596 0.41636604 0.25575726]
 [0.56235278 0.62232716 0.239288   0.40035271 0.10946012 0.69134883
  0.01630087 0.54682082 0.30403143 0.16842248 0.24217205]
 [0.11381593 0.28507159 0.71344637 0.5292136  0.0880697  0.68437898
  0.64194074 0.47987594 0.17035002 0.85903741 0.38535425]
 [0.44870818 0.2745604  0.76245072 0.2458003  0.54373627 0.81190484
  0.50947199 0.1934154  0.03525544 0.71524045 0.33547288]]
Time in method 1: 0.026848554611206055
Time in method 2: 0.04335641860961914
Difference in time: 0.016507863998413086

Kernel: [[0.25702888 0.52066355 0.09491992 0.20745531 0.44824943 0.44921431
  0.04292417 0.77716334 0.53883279 0.48648169 0.44125363]
 [0.15442524 0.13730392 0.68864153 0.47862693 0.07923226 0.84485939
  0.36224998 0.72145781 0.63098066 0.33130808 0.10271235]
 [0.32630105 0.27735622 0.43782752 0.93446352 0.55295    0.48412709
  0.23307654 0.1278227  0.79849627 0.28747785 0.18974311]
 [0.29095272 0.24387535 0.68321108 0.59187851 0.81207403 0.57337919
  0.68435537 0.93184942 0.73254086 0.92965712 0.95556433]
 [0.986897   0.91811103 0.86802336 0.08756762 0.7716437  0.11782706
  0.31624719 0.01321041 0.79434584 0.74738323 0.60520114]
 [0.84096556 0.43416319 0.66556536 0.6961535  0.65748647 0.60013654
  0.02438404 0.19107128 0.7254075  0.62980464 0.72192811]
 [0.70251737 0.50067922 0.81753236 0.40451934 0.44555152 0.93441742
  0.54274227 0.79067347 0.11989879 0.01491823 0.94114151]
 [0.72502415 0.6101951  0.59075874 0.32233217 0.85070481 0.7814957
  0.88574978 0.33835733 0.22089596 0.41636604 0.25575726]
 [0.56235278 0.62232716 0.239288   0.40035271 0.10946012 0.69134883
  0.01630087 0.54682082 0.30403143 0.16842248 0.24217205]
 [0.11381593 0.28507159 0.71344637 0.5292136  0.0880697  0.68437898
  0.64194074 0.47987594 0.17035002 0.85903741 0.38535425]
 [0.44870818 0.2745604  0.76245072 0.2458003  0.54373627 0.81190484
  0.50947199 0.1934154  0.03525544 0.71524045 0.33547288]]
Time in method 1: 0.027011632919311523
Time in method 2: 0.04229283332824707
Difference in time: 0.015281200408935547

Kernel: [[0.25702888 0.52066355 0.09491992 0.20745531 0.44824943 0.44921431
  0.04292417 0.77716334 0.53883279 0.48648169 0.44125363]
 [0.15442524 0.13730392 0.68864153 0.47862693 0.07923226 0.84485939
  0.36224998 0.72145781 0.63098066 0.33130808 0.10271235]
 [0.32630105 0.27735622 0.43782752 0.93446352 0.55295    0.48412709
  0.23307654 0.1278227  0.79849627 0.28747785 0.18974311]
 [0.29095272 0.24387535 0.68321108 0.59187851 0.81207403 0.57337919
  0.68435537 0.93184942 0.73254086 0.92965712 0.95556433]
 [0.986897   0.91811103 0.86802336 0.08756762 0.7716437  0.11782706
  0.31624719 0.01321041 0.79434584 0.74738323 0.60520114]
 [0.84096556 0.43416319 0.66556536 0.6961535  0.65748647 0.60013654
  0.02438404 0.19107128 0.7254075  0.62980464 0.72192811]
 [0.70251737 0.50067922 0.81753236 0.40451934 0.44555152 0.93441742
  0.54274227 0.79067347 0.11989879 0.01491823 0.94114151]
 [0.72502415 0.6101951  0.59075874 0.32233217 0.85070481 0.7814957
  0.88574978 0.33835733 0.22089596 0.41636604 0.25575726]
 [0.56235278 0.62232716 0.239288   0.40035271 0.10946012 0.69134883
  0.01630087 0.54682082 0.30403143 0.16842248 0.24217205]
 [0.11381593 0.28507159 0.71344637 0.5292136  0.0880697  0.68437898
  0.64194074 0.47987594 0.17035002 0.85903741 0.38535425]
 [0.44870818 0.2745604  0.76245072 0.2458003  0.54373627 0.81190484
  0.50947199 0.1934154  0.03525544 0.71524045 0.33547288]]
Time in method 1: 0.027066946029663086
Time in method 2: 0.039948463439941406
Difference in time: 0.01288151741027832

Iteration: 1
Kernel: [[0.00637653 0.43511477 0.20464728]
 [0.6683869  0.47482336 0.75730725]
 [0.38280315 0.1052645  0.88743876]]
Time in method 1: 0.004839658737182617
Time in method 2: 0.005550384521484375
Difference in time: 0.0007107257843017578

Iteration: 2
Kernel: [[0.00637653 0.43511477 0.20464728]
 [0.6683869  0.47482336 0.75730725]
 [0.38280315 0.1052645  0.88743876]]
Time in method 1: 0.007562398910522461
Time in method 2: 0.005604267120361328
Difference in time: 0.001958131790161133

Iteration: 3
Kernel: [[0.00637653 0.43511477 0.20464728]
 [0.6683869  0.47482336 0.75730725]
 [0.38280315 0.1052645  0.88743876]]
Time in method 1: 0.00736546516418457
Time in method 2: 0.005645036697387695
Difference in time: 0.001720428466796875

Iteration: 4
Kernel: [[0.00637653 0.43511477 0.20464728]
 [0.6683869  0.47482336 0.75730725]
 [0.38280315 0.1052645  0.88743876]]
Time in method 1: 0.0076999664306640625
Time in method 2: 0.005869626998901367
Difference in time: 0.0018303394317626953

Iteration: 5
Kernel: [[0.00637653 0.43511477 0.20464728]
 [0.6683869  0.47482336 0.75730725]
 [0.38280315 0.1052645  0.88743876]]
Time in method 1: 0.0077953338623046875
Time in method 2: 0.005891561508178711
Difference in time: 0.0019037723541259766

Kernel: [[0.11446863 0.02471143 0.13480248 0.7817441  0.14341678 0.4707839
  0.96261047]
 [0.26241006 0.8567499  0.06366211 0.86531354 0.56491741 0.82095024
  0.63291521]
 [0.45718309 0.34754526 0.24171219 0.84196908 0.17188985 0.5179342
  0.57709529]
 [0.76261611 0.5446819  0.29851452 0.50115235 0.81053216 0.08676036
  0.71999819]
 [0.08226327 0.75673102 0.68933983 0.56096055 0.84829849 0.47496519
  0.84630276]
 [0.03746063 0.67128938 0.30318787 0.58115017 0.53743128 0.45578886
  0.37608118]
 [0.12668998 0.91237044 0.23438602 0.20125758 0.66616264 0.19800079
  0.482427  ]]
Time in method 1: 0.01260066032409668
Time in method 2: 0.017544984817504883
Difference in time: 0.004944324493408203

Kernel: [[0.11446863 0.02471143 0.13480248 0.7817441  0.14341678 0.4707839
  0.96261047]
 [0.26241006 0.8567499  0.06366211 0.86531354 0.56491741 0.82095024
  0.63291521]
 [0.45718309 0.34754526 0.24171219 0.84196908 0.17188985 0.5179342
  0.57709529]
 [0.76261611 0.5446819  0.29851452 0.50115235 0.81053216 0.08676036
  0.71999819]
 [0.08226327 0.75673102 0.68933983 0.56096055 0.84829849 0.47496519
  0.84630276]
 [0.03746063 0.67128938 0.30318787 0.58115017 0.53743128 0.45578886
  0.37608118]
 [0.12668998 0.91237044 0.23438602 0.20125758 0.66616264 0.19800079
  0.482427  ]]
Time in method 1: 0.012835979461669922
Time in method 2: 0.017718076705932617
Difference in time: 0.004882097244262695

Kernel: [[0.11446863 0.02471143 0.13480248 0.7817441  0.14341678 0.4707839
  0.96261047]
 [0.26241006 0.8567499  0.06366211 0.86531354 0.56491741 0.82095024
  0.63291521]
 [0.45718309 0.34754526 0.24171219 0.84196908 0.17188985 0.5179342
  0.57709529]
 [0.76261611 0.5446819  0.29851452 0.50115235 0.81053216 0.08676036
  0.71999819]
 [0.08226327 0.75673102 0.68933983 0.56096055 0.84829849 0.47496519
  0.84630276]
 [0.03746063 0.67128938 0.30318787 0.58115017 0.53743128 0.45578886
  0.37608118]
 [0.12668998 0.91237044 0.23438602 0.20125758 0.66616264 0.19800079
  0.482427  ]]
Time in method 1: 0.013266801834106445
Time in method 2: 0.018342971801757812
Difference in time: 0.005076169967651367

Kernel: [[0.11446863 0.02471143 0.13480248 0.7817441  0.14341678 0.4707839
  0.96261047]
 [0.26241006 0.8567499  0.06366211 0.86531354 0.56491741 0.82095024
  0.63291521]
 [0.45718309 0.34754526 0.24171219 0.84196908 0.17188985 0.5179342
  0.57709529]
 [0.76261611 0.5446819  0.29851452 0.50115235 0.81053216 0.08676036
  0.71999819]
 [0.08226327 0.75673102 0.68933983 0.56096055 0.84829849 0.47496519
  0.84630276]
 [0.03746063 0.67128938 0.30318787 0.58115017 0.53743128 0.45578886
  0.37608118]
 [0.12668998 0.91237044 0.23438602 0.20125758 0.66616264 0.19800079
  0.482427  ]]
Time in method 1: 0.01388406753540039
Time in method 2: 0.01918482780456543
Difference in time: 0.005300760269165039

Kernel: [[0.11446863 0.02471143 0.13480248 0.7817441  0.14341678 0.4707839
  0.96261047]
 [0.26241006 0.8567499  0.06366211 0.86531354 0.56491741 0.82095024
  0.63291521]
 [0.45718309 0.34754526 0.24171219 0.84196908 0.17188985 0.5179342
  0.57709529]
 [0.76261611 0.5446819  0.29851452 0.50115235 0.81053216 0.08676036
  0.71999819]
 [0.08226327 0.75673102 0.68933983 0.56096055 0.84829849 0.47496519
  0.84630276]
 [0.03746063 0.67128938 0.30318787 0.58115017 0.53743128 0.45578886
  0.37608118]
 [0.12668998 0.91237044 0.23438602 0.20125758 0.66616264 0.19800079
  0.482427  ]]
Time in method 1: 0.013831138610839844
Time in method 2: 0.01898026466369629
Difference in time: 0.005149126052856445

Kernel: [[0.88402527 0.37005245 0.15443032 0.46472861 0.81429572 0.74428729
  0.65907619 0.68310817 0.41898074 0.83019071 0.86326756]
 [0.979345   0.24762382 0.03727454 0.21092431 0.38654136 0.86219722
  0.82271833 0.30671517 0.03612842 0.733783   0.09199235]
 [0.45123511 0.5513711  0.10982841 0.40556232 0.93368333 0.55653877
  0.15649352 0.98664258 0.85392459 0.41788428 0.47816799]
 [0.66234589 0.37349632 0.56600363 0.73053828 0.22882596 0.7736801
  0.2296147  0.65584546 0.7978572  0.29204626 0.4392092 ]
 [0.24306179 0.60316893 0.44805953 0.75783689 0.38060912 0.93763969
  0.67775637 0.70863782 0.1687511  0.81538494 0.55576644]
 [0.93740742 0.4128205  0.43321066 0.60704307 0.72165687 0.02512145
  0.46440799 0.67585962 0.2282675  0.57080796 0.04531622]
 [0.14320605 0.80663888 0.00617363 0.91535218 0.82489598 0.36670773
  0.43576144 0.63279882 0.87824687 0.81945267 0.01945836]
 [0.85610728 0.29627032 0.84941404 0.9429806  0.64455657 0.05166171
  0.46376599 0.57075756 0.1812295  0.62955073 0.32535467]
 [0.52850924 0.74397207 0.05279791 0.05266678 0.20511471 0.21916603
  0.73841648 0.58474483 0.4010009  0.77662293 0.28382474]
 [0.70441099 0.9145371  0.43012481 0.99722519 0.62666274 0.85771678
  0.00562053 0.59063843 0.75943173 0.69540976 0.29878304]
 [0.39940295 0.09044837 0.5811809  0.68980198 0.41550856 0.80967626
  0.06851945 0.7096901  0.87497372 0.70338318 0.97549959]]
Time in method 1: 0.027887582778930664
Time in method 2: 0.04062795639038086
Difference in time: 0.012740373611450195

Kernel: [[0.88402527 0.37005245 0.15443032 0.46472861 0.81429572 0.74428729
  0.65907619 0.68310817 0.41898074 0.83019071 0.86326756]
 [0.979345   0.24762382 0.03727454 0.21092431 0.38654136 0.86219722
  0.82271833 0.30671517 0.03612842 0.733783   0.09199235]
 [0.45123511 0.5513711  0.10982841 0.40556232 0.93368333 0.55653877
  0.15649352 0.98664258 0.85392459 0.41788428 0.47816799]
 [0.66234589 0.37349632 0.56600363 0.73053828 0.22882596 0.7736801
  0.2296147  0.65584546 0.7978572  0.29204626 0.4392092 ]
 [0.24306179 0.60316893 0.44805953 0.75783689 0.38060912 0.93763969
  0.67775637 0.70863782 0.1687511  0.81538494 0.55576644]
 [0.93740742 0.4128205  0.43321066 0.60704307 0.72165687 0.02512145
  0.46440799 0.67585962 0.2282675  0.57080796 0.04531622]
 [0.14320605 0.80663888 0.00617363 0.91535218 0.82489598 0.36670773
  0.43576144 0.63279882 0.87824687 0.81945267 0.01945836]
 [0.85610728 0.29627032 0.84941404 0.9429806  0.64455657 0.05166171
  0.46376599 0.57075756 0.1812295  0.62955073 0.32535467]
 [0.52850924 0.74397207 0.05279791 0.05266678 0.20511471 0.21916603
  0.73841648 0.58474483 0.4010009  0.77662293 0.28382474]
 [0.70441099 0.9145371  0.43012481 0.99722519 0.62666274 0.85771678
  0.00562053 0.59063843 0.75943173 0.69540976 0.29878304]
 [0.39940295 0.09044837 0.5811809  0.68980198 0.41550856 0.80967626
  0.06851945 0.7096901  0.87497372 0.70338318 0.97549959]]
Time in method 1: 0.02688431739807129
Time in method 2: 0.037854671478271484
Difference in time: 0.010970354080200195

Kernel: [[0.88402527 0.37005245 0.15443032 0.46472861 0.81429572 0.74428729
  0.65907619 0.68310817 0.41898074 0.83019071 0.86326756]
 [0.979345   0.24762382 0.03727454 0.21092431 0.38654136 0.86219722
  0.82271833 0.30671517 0.03612842 0.733783   0.09199235]
 [0.45123511 0.5513711  0.10982841 0.40556232 0.93368333 0.55653877
  0.15649352 0.98664258 0.85392459 0.41788428 0.47816799]
 [0.66234589 0.37349632 0.56600363 0.73053828 0.22882596 0.7736801
  0.2296147  0.65584546 0.7978572  0.29204626 0.4392092 ]
 [0.24306179 0.60316893 0.44805953 0.75783689 0.38060912 0.93763969
  0.67775637 0.70863782 0.1687511  0.81538494 0.55576644]
 [0.93740742 0.4128205  0.43321066 0.60704307 0.72165687 0.02512145
  0.46440799 0.67585962 0.2282675  0.57080796 0.04531622]
 [0.14320605 0.80663888 0.00617363 0.91535218 0.82489598 0.36670773
  0.43576144 0.63279882 0.87824687 0.81945267 0.01945836]
 [0.85610728 0.29627032 0.84941404 0.9429806  0.64455657 0.05166171
  0.46376599 0.57075756 0.1812295  0.62955073 0.32535467]
 [0.52850924 0.74397207 0.05279791 0.05266678 0.20511471 0.21916603
  0.73841648 0.58474483 0.4010009  0.77662293 0.28382474]
 [0.70441099 0.9145371  0.43012481 0.99722519 0.62666274 0.85771678
  0.00562053 0.59063843 0.75943173 0.69540976 0.29878304]
 [0.39940295 0.09044837 0.5811809  0.68980198 0.41550856 0.80967626
  0.06851945 0.7096901  0.87497372 0.70338318 0.97549959]]
Time in method 1: 0.027193307876586914
Time in method 2: 0.04264426231384277
Difference in time: 0.01545095443725586

Kernel: [[0.88402527 0.37005245 0.15443032 0.46472861 0.81429572 0.74428729
  0.65907619 0.68310817 0.41898074 0.83019071 0.86326756]
 [0.979345   0.24762382 0.03727454 0.21092431 0.38654136 0.86219722
  0.82271833 0.30671517 0.03612842 0.733783   0.09199235]
 [0.45123511 0.5513711  0.10982841 0.40556232 0.93368333 0.55653877
  0.15649352 0.98664258 0.85392459 0.41788428 0.47816799]
 [0.66234589 0.37349632 0.56600363 0.73053828 0.22882596 0.7736801
  0.2296147  0.65584546 0.7978572  0.29204626 0.4392092 ]
 [0.24306179 0.60316893 0.44805953 0.75783689 0.38060912 0.93763969
  0.67775637 0.70863782 0.1687511  0.81538494 0.55576644]
 [0.93740742 0.4128205  0.43321066 0.60704307 0.72165687 0.02512145
  0.46440799 0.67585962 0.2282675  0.57080796 0.04531622]
 [0.14320605 0.80663888 0.00617363 0.91535218 0.82489598 0.36670773
  0.43576144 0.63279882 0.87824687 0.81945267 0.01945836]
 [0.85610728 0.29627032 0.84941404 0.9429806  0.64455657 0.05166171
  0.46376599 0.57075756 0.1812295  0.62955073 0.32535467]
 [0.52850924 0.74397207 0.05279791 0.05266678 0.20511471 0.21916603
  0.73841648 0.58474483 0.4010009  0.77662293 0.28382474]
 [0.70441099 0.9145371  0.43012481 0.99722519 0.62666274 0.85771678
  0.00562053 0.59063843 0.75943173 0.69540976 0.29878304]
 [0.39940295 0.09044837 0.5811809  0.68980198 0.41550856 0.80967626
  0.06851945 0.7096901  0.87497372 0.70338318 0.97549959]]
Time in method 1: 0.027010202407836914
Time in method 2: 0.03847551345825195
Difference in time: 0.011465311050415039

Kernel: [[0.88402527 0.37005245 0.15443032 0.46472861 0.81429572 0.74428729
  0.65907619 0.68310817 0.41898074 0.83019071 0.86326756]
 [0.979345   0.24762382 0.03727454 0.21092431 0.38654136 0.86219722
  0.82271833 0.30671517 0.03612842 0.733783   0.09199235]
 [0.45123511 0.5513711  0.10982841 0.40556232 0.93368333 0.55653877
  0.15649352 0.98664258 0.85392459 0.41788428 0.47816799]
 [0.66234589 0.37349632 0.56600363 0.73053828 0.22882596 0.7736801
  0.2296147  0.65584546 0.7978572  0.29204626 0.4392092 ]
 [0.24306179 0.60316893 0.44805953 0.75783689 0.38060912 0.93763969
  0.67775637 0.70863782 0.1687511  0.81538494 0.55576644]
 [0.93740742 0.4128205  0.43321066 0.60704307 0.72165687 0.02512145
  0.46440799 0.67585962 0.2282675  0.57080796 0.04531622]
 [0.14320605 0.80663888 0.00617363 0.91535218 0.82489598 0.36670773
  0.43576144 0.63279882 0.87824687 0.81945267 0.01945836]
 [0.85610728 0.29627032 0.84941404 0.9429806  0.64455657 0.05166171
  0.46376599 0.57075756 0.1812295  0.62955073 0.32535467]
 [0.52850924 0.74397207 0.05279791 0.05266678 0.20511471 0.21916603
  0.73841648 0.58474483 0.4010009  0.77662293 0.28382474]
 [0.70441099 0.9145371  0.43012481 0.99722519 0.62666274 0.85771678
  0.00562053 0.59063843 0.75943173 0.69540976 0.29878304]
 [0.39940295 0.09044837 0.5811809  0.68980198 0.41550856 0.80967626
  0.06851945 0.7096901  0.87497372 0.70338318 0.97549959]]
Time in method 1: 0.02910923957824707
Time in method 2: 0.03972291946411133
Difference in time: 0.010613679885864258

Iteration: 1
Kernel: [[0.59229474 0.46429544 0.03146366]
 [0.40260297 0.6427293  0.56337355]
 [0.09077112 0.77343407 0.40286292]]
Time in method 1: 0.0046634674072265625
Time in method 2: 0.00521087646484375
Difference in time: 0.0005474090576171875

Iteration: 2
Kernel: [[0.59229474 0.46429544 0.03146366]
 [0.40260297 0.6427293  0.56337355]
 [0.09077112 0.77343407 0.40286292]]
Time in method 1: 0.0052835941314697266
Time in method 2: 0.00553441047668457
Difference in time: 0.00025081634521484375

Iteration: 3
Kernel: [[0.59229474 0.46429544 0.03146366]
 [0.40260297 0.6427293  0.56337355]
 [0.09077112 0.77343407 0.40286292]]
Time in method 1: 0.005773305892944336
Time in method 2: 0.005552768707275391
Difference in time: 0.0002205371856689453

Iteration: 4
Kernel: [[0.59229474 0.46429544 0.03146366]
 [0.40260297 0.6427293  0.56337355]
 [0.09077112 0.77343407 0.40286292]]
Time in method 1: 0.0055370330810546875
Time in method 2: 0.006623983383178711
Difference in time: 0.0010869503021240234

Iteration: 5
Kernel: [[0.59229474 0.46429544 0.03146366]
 [0.40260297 0.6427293  0.56337355]
 [0.09077112 0.77343407 0.40286292]]
Time in method 1: 0.005426168441772461
Time in method 2: 0.005552768707275391
Difference in time: 0.0001266002655029297

Kernel: [[0.16466847 0.848562   0.11035587 0.01135491 0.05012841 0.14763781
  0.93768083]
 [0.35829232 0.93293896 0.23282315 0.7733621  0.96346928 0.61961993
  0.06972506]
 [0.08350172 0.10424994 0.02577839 0.99164027 0.40697486 0.1126679
  0.91181395]
 [0.48788833 0.17570954 0.59820019 0.41654176 0.55370666 0.3076244
  0.54865862]
 [0.17294002 0.59282987 0.97527154 0.07913509 0.05835623 0.639795
  0.05267156]
 [0.7107716  0.10238082 0.8474094  0.54817847 0.98690003 0.07078526
  0.093356  ]
 [0.64546357 0.30254289 0.88612126 0.89359344 0.34170303 0.8763163
  0.20635343]]
Time in method 1: 0.012712478637695312
Time in method 2: 0.017464160919189453
Difference in time: 0.004751682281494141

Kernel: [[0.16466847 0.848562   0.11035587 0.01135491 0.05012841 0.14763781
  0.93768083]
 [0.35829232 0.93293896 0.23282315 0.7733621  0.96346928 0.61961993
  0.06972506]
 [0.08350172 0.10424994 0.02577839 0.99164027 0.40697486 0.1126679
  0.91181395]
 [0.48788833 0.17570954 0.59820019 0.41654176 0.55370666 0.3076244
  0.54865862]
 [0.17294002 0.59282987 0.97527154 0.07913509 0.05835623 0.639795
  0.05267156]
 [0.7107716  0.10238082 0.8474094  0.54817847 0.98690003 0.07078526
  0.093356  ]
 [0.64546357 0.30254289 0.88612126 0.89359344 0.34170303 0.8763163
  0.20635343]]
Time in method 1: 0.013888359069824219
Time in method 2: 0.018937349319458008
Difference in time: 0.005048990249633789

Kernel: [[0.16466847 0.848562   0.11035587 0.01135491 0.05012841 0.14763781
  0.93768083]
 [0.35829232 0.93293896 0.23282315 0.7733621  0.96346928 0.61961993
  0.06972506]
 [0.08350172 0.10424994 0.02577839 0.99164027 0.40697486 0.1126679
  0.91181395]
 [0.48788833 0.17570954 0.59820019 0.41654176 0.55370666 0.3076244
  0.54865862]
 [0.17294002 0.59282987 0.97527154 0.07913509 0.05835623 0.639795
  0.05267156]
 [0.7107716  0.10238082 0.8474094  0.54817847 0.98690003 0.07078526
  0.093356  ]
 [0.64546357 0.30254289 0.88612126 0.89359344 0.34170303 0.8763163
  0.20635343]]
Time in method 1: 0.015288591384887695
Time in method 2: 0.017755985260009766
Difference in time: 0.0024673938751220703

Kernel: [[0.16466847 0.848562   0.11035587 0.01135491 0.05012841 0.14763781
  0.93768083]
 [0.35829232 0.93293896 0.23282315 0.7733621  0.96346928 0.61961993
  0.06972506]
 [0.08350172 0.10424994 0.02577839 0.99164027 0.40697486 0.1126679
  0.91181395]
 [0.48788833 0.17570954 0.59820019 0.41654176 0.55370666 0.3076244
  0.54865862]
 [0.17294002 0.59282987 0.97527154 0.07913509 0.05835623 0.639795
  0.05267156]
 [0.7107716  0.10238082 0.8474094  0.54817847 0.98690003 0.07078526
  0.093356  ]
 [0.64546357 0.30254289 0.88612126 0.89359344 0.34170303 0.8763163
  0.20635343]]
Time in method 1: 0.014154672622680664
Time in method 2: 0.018039941787719727
Difference in time: 0.0038852691650390625

Kernel: [[0.16466847 0.848562   0.11035587 0.01135491 0.05012841 0.14763781
  0.93768083]
 [0.35829232 0.93293896 0.23282315 0.7733621  0.96346928 0.61961993
  0.06972506]
 [0.08350172 0.10424994 0.02577839 0.99164027 0.40697486 0.1126679
  0.91181395]
 [0.48788833 0.17570954 0.59820019 0.41654176 0.55370666 0.3076244
  0.54865862]
 [0.17294002 0.59282987 0.97527154 0.07913509 0.05835623 0.639795
  0.05267156]
 [0.7107716  0.10238082 0.8474094  0.54817847 0.98690003 0.07078526
  0.093356  ]
 [0.64546357 0.30254289 0.88612126 0.89359344 0.34170303 0.8763163
  0.20635343]]
Time in method 1: 0.014356374740600586
Time in method 2: 0.01777815818786621
Difference in time: 0.003421783447265625

Kernel: [[0.9316928  0.74950195 0.43592099 0.56710401 0.27809406 0.40771244
  0.29444976 0.42050445 0.01002637 0.78699582 0.98462501]
 [0.03840827 0.64405724 0.75030332 0.42557874 0.14917469 0.3375349
  0.64682172 0.4817254  0.1657723  0.06905801 0.5060316 ]
 [0.94234901 0.29620251 0.65762214 0.18526212 0.02251007 0.07887096
  0.58380189 0.23030931 0.10313789 0.91990668 0.84566372]
 [0.66402412 0.08358402 0.7260416  0.69961326 0.50457705 0.59909978
  0.44249782 0.79776734 0.06511917 0.43264672 0.79953051]
 [0.9305135  0.06178755 0.49526852 0.96720707 0.54971842 0.86241961
  0.82243087 0.21686362 0.19644918 0.60943709 0.76077776]
 [0.92176699 0.25970428 0.00549784 0.02788499 0.36353236 0.69218137
  0.55182104 0.31698161 0.46530574 0.56487147 0.41878782]
 [0.9128965  0.65662472 0.39513151 0.04248747 0.51968613 0.30484541
  0.90771432 0.14521097 0.11728725 0.57485957 0.33062616]
 [0.99700966 0.0557736  0.91955003 0.58883201 0.92451145 0.97623742
  0.92314145 0.71472666 0.63763663 0.22509947 0.50246484]
 [0.65202726 0.2983739  0.70125832 0.97237518 0.17248381 0.64324988
  0.22764079 0.97309417 0.14755609 0.21297202 0.48431849]
 [0.70188071 0.55143353 0.58000172 0.68055635 0.37860293 0.09611937
  0.88569691 0.67101638 0.50286815 0.74733498 0.99439264]
 [0.10312552 0.77230842 0.34661743 0.58583348 0.58246268 0.47315859
  0.06744548 0.98340399 0.12837342 0.77376353 0.88659549]]
Time in method 1: 0.028792381286621094
Time in method 2: 0.04178786277770996
Difference in time: 0.012995481491088867

Kernel: [[0.9316928  0.74950195 0.43592099 0.56710401 0.27809406 0.40771244
  0.29444976 0.42050445 0.01002637 0.78699582 0.98462501]
 [0.03840827 0.64405724 0.75030332 0.42557874 0.14917469 0.3375349
  0.64682172 0.4817254  0.1657723  0.06905801 0.5060316 ]
 [0.94234901 0.29620251 0.65762214 0.18526212 0.02251007 0.07887096
  0.58380189 0.23030931 0.10313789 0.91990668 0.84566372]
 [0.66402412 0.08358402 0.7260416  0.69961326 0.50457705 0.59909978
  0.44249782 0.79776734 0.06511917 0.43264672 0.79953051]
 [0.9305135  0.06178755 0.49526852 0.96720707 0.54971842 0.86241961
  0.82243087 0.21686362 0.19644918 0.60943709 0.76077776]
 [0.92176699 0.25970428 0.00549784 0.02788499 0.36353236 0.69218137
  0.55182104 0.31698161 0.46530574 0.56487147 0.41878782]
 [0.9128965  0.65662472 0.39513151 0.04248747 0.51968613 0.30484541
  0.90771432 0.14521097 0.11728725 0.57485957 0.33062616]
 [0.99700966 0.0557736  0.91955003 0.58883201 0.92451145 0.97623742
  0.92314145 0.71472666 0.63763663 0.22509947 0.50246484]
 [0.65202726 0.2983739  0.70125832 0.97237518 0.17248381 0.64324988
  0.22764079 0.97309417 0.14755609 0.21297202 0.48431849]
 [0.70188071 0.55143353 0.58000172 0.68055635 0.37860293 0.09611937
  0.88569691 0.67101638 0.50286815 0.74733498 0.99439264]
 [0.10312552 0.77230842 0.34661743 0.58583348 0.58246268 0.47315859
  0.06744548 0.98340399 0.12837342 0.77376353 0.88659549]]
Time in method 1: 0.027019739151000977
Time in method 2: 0.04090690612792969
Difference in time: 0.013887166976928711

Kernel: [[0.9316928  0.74950195 0.43592099 0.56710401 0.27809406 0.40771244
  0.29444976 0.42050445 0.01002637 0.78699582 0.98462501]
 [0.03840827 0.64405724 0.75030332 0.42557874 0.14917469 0.3375349
  0.64682172 0.4817254  0.1657723  0.06905801 0.5060316 ]
 [0.94234901 0.29620251 0.65762214 0.18526212 0.02251007 0.07887096
  0.58380189 0.23030931 0.10313789 0.91990668 0.84566372]
 [0.66402412 0.08358402 0.7260416  0.69961326 0.50457705 0.59909978
  0.44249782 0.79776734 0.06511917 0.43264672 0.79953051]
 [0.9305135  0.06178755 0.49526852 0.96720707 0.54971842 0.86241961
  0.82243087 0.21686362 0.19644918 0.60943709 0.76077776]
 [0.92176699 0.25970428 0.00549784 0.02788499 0.36353236 0.69218137
  0.55182104 0.31698161 0.46530574 0.56487147 0.41878782]
 [0.9128965  0.65662472 0.39513151 0.04248747 0.51968613 0.30484541
  0.90771432 0.14521097 0.11728725 0.57485957 0.33062616]
 [0.99700966 0.0557736  0.91955003 0.58883201 0.92451145 0.97623742
  0.92314145 0.71472666 0.63763663 0.22509947 0.50246484]
 [0.65202726 0.2983739  0.70125832 0.97237518 0.17248381 0.64324988
  0.22764079 0.97309417 0.14755609 0.21297202 0.48431849]
 [0.70188071 0.55143353 0.58000172 0.68055635 0.37860293 0.09611937
  0.88569691 0.67101638 0.50286815 0.74733498 0.99439264]
 [0.10312552 0.77230842 0.34661743 0.58583348 0.58246268 0.47315859
  0.06744548 0.98340399 0.12837342 0.77376353 0.88659549]]
Time in method 1: 0.030742645263671875
Time in method 2: 0.04017972946166992
Difference in time: 0.009437084197998047

Kernel: [[0.9316928  0.74950195 0.43592099 0.56710401 0.27809406 0.40771244
  0.29444976 0.42050445 0.01002637 0.78699582 0.98462501]
 [0.03840827 0.64405724 0.75030332 0.42557874 0.14917469 0.3375349
  0.64682172 0.4817254  0.1657723  0.06905801 0.5060316 ]
 [0.94234901 0.29620251 0.65762214 0.18526212 0.02251007 0.07887096
  0.58380189 0.23030931 0.10313789 0.91990668 0.84566372]
 [0.66402412 0.08358402 0.7260416  0.69961326 0.50457705 0.59909978
  0.44249782 0.79776734 0.06511917 0.43264672 0.79953051]
 [0.9305135  0.06178755 0.49526852 0.96720707 0.54971842 0.86241961
  0.82243087 0.21686362 0.19644918 0.60943709 0.76077776]
 [0.92176699 0.25970428 0.00549784 0.02788499 0.36353236 0.69218137
  0.55182104 0.31698161 0.46530574 0.56487147 0.41878782]
 [0.9128965  0.65662472 0.39513151 0.04248747 0.51968613 0.30484541
  0.90771432 0.14521097 0.11728725 0.57485957 0.33062616]
 [0.99700966 0.0557736  0.91955003 0.58883201 0.92451145 0.97623742
  0.92314145 0.71472666 0.63763663 0.22509947 0.50246484]
 [0.65202726 0.2983739  0.70125832 0.97237518 0.17248381 0.64324988
  0.22764079 0.97309417 0.14755609 0.21297202 0.48431849]
 [0.70188071 0.55143353 0.58000172 0.68055635 0.37860293 0.09611937
  0.88569691 0.67101638 0.50286815 0.74733498 0.99439264]
 [0.10312552 0.77230842 0.34661743 0.58583348 0.58246268 0.47315859
  0.06744548 0.98340399 0.12837342 0.77376353 0.88659549]]
Time in method 1: 0.03024744987487793
Time in method 2: 0.042891740798950195
Difference in time: 0.012644290924072266

Kernel: [[0.9316928  0.74950195 0.43592099 0.56710401 0.27809406 0.40771244
  0.29444976 0.42050445 0.01002637 0.78699582 0.98462501]
 [0.03840827 0.64405724 0.75030332 0.42557874 0.14917469 0.3375349
  0.64682172 0.4817254  0.1657723  0.06905801 0.5060316 ]
 [0.94234901 0.29620251 0.65762214 0.18526212 0.02251007 0.07887096
  0.58380189 0.23030931 0.10313789 0.91990668 0.84566372]
 [0.66402412 0.08358402 0.7260416  0.69961326 0.50457705 0.59909978
  0.44249782 0.79776734 0.06511917 0.43264672 0.79953051]
 [0.9305135  0.06178755 0.49526852 0.96720707 0.54971842 0.86241961
  0.82243087 0.21686362 0.19644918 0.60943709 0.76077776]
 [0.92176699 0.25970428 0.00549784 0.02788499 0.36353236 0.69218137
  0.55182104 0.31698161 0.46530574 0.56487147 0.41878782]
 [0.9128965  0.65662472 0.39513151 0.04248747 0.51968613 0.30484541
  0.90771432 0.14521097 0.11728725 0.57485957 0.33062616]
 [0.99700966 0.0557736  0.91955003 0.58883201 0.92451145 0.97623742
  0.92314145 0.71472666 0.63763663 0.22509947 0.50246484]
 [0.65202726 0.2983739  0.70125832 0.97237518 0.17248381 0.64324988
  0.22764079 0.97309417 0.14755609 0.21297202 0.48431849]
 [0.70188071 0.55143353 0.58000172 0.68055635 0.37860293 0.09611937
  0.88569691 0.67101638 0.50286815 0.74733498 0.99439264]
 [0.10312552 0.77230842 0.34661743 0.58583348 0.58246268 0.47315859
  0.06744548 0.98340399 0.12837342 0.77376353 0.88659549]]
Time in method 1: 0.0312809944152832
Time in method 2: 0.038483381271362305
Difference in time: 0.0072023868560791016

Iteration: 1
Kernel: [[0.45761246 0.97720245 0.01252125]
 [0.5144721  0.62216486 0.27822566]
 [0.68911463 0.39244229 0.15384688]]
Time in method 1: 0.005898714065551758
Time in method 2: 0.00548553466796875
Difference in time: 0.0004131793975830078

Iteration: 2
Kernel: [[0.45761246 0.97720245 0.01252125]
 [0.5144721  0.62216486 0.27822566]
 [0.68911463 0.39244229 0.15384688]]
Time in method 1: 0.005171060562133789
Time in method 2: 0.005449771881103516
Difference in time: 0.00027871131896972656

Iteration: 3
Kernel: [[0.45761246 0.97720245 0.01252125]
 [0.5144721  0.62216486 0.27822566]
 [0.68911463 0.39244229 0.15384688]]
Time in method 1: 0.0060422420501708984
Time in method 2: 0.0055882930755615234
Difference in time: 0.000453948974609375

Iteration: 4
Kernel: [[0.45761246 0.97720245 0.01252125]
 [0.5144721  0.62216486 0.27822566]
 [0.68911463 0.39244229 0.15384688]]
Time in method 1: 0.005397319793701172
Time in method 2: 0.006737947463989258
Difference in time: 0.001340627670288086

Iteration: 5
Kernel: [[0.45761246 0.97720245 0.01252125]
 [0.5144721  0.62216486 0.27822566]
 [0.68911463 0.39244229 0.15384688]]
Time in method 1: 0.0053844451904296875
Time in method 2: 0.005782127380371094
Difference in time: 0.00039768218994140625

Kernel: [[0.87978644 0.56394553 0.45179902 0.88054549 0.93854058 0.79787974
  0.79296151]
 [0.15396864 0.89152222 0.40059455 0.75631237 0.41065727 0.24236421
  0.71389541]
 [0.11620711 0.8518095  0.69405391 0.80300805 0.57780817 0.02425613
  0.53463862]
 [0.75475686 0.31206195 0.78208958 0.02272186 0.85067575 0.95301141
  0.17764952]
 [0.27243533 0.7428074  0.08517565 0.13340286 0.70460851 0.82891087
  0.88173659]
 [0.3898907  0.95863559 0.74769066 0.24016431 0.65478503 0.6480605
  0.22233421]
 [0.80271697 0.966844   0.10916205 0.05157281 0.98040875 0.10787379
  0.25013893]]
Time in method 1: 0.012765884399414062
Time in method 2: 0.01782059669494629
Difference in time: 0.0050547122955322266

Kernel: [[0.87978644 0.56394553 0.45179902 0.88054549 0.93854058 0.79787974
  0.79296151]
 [0.15396864 0.89152222 0.40059455 0.75631237 0.41065727 0.24236421
  0.71389541]
 [0.11620711 0.8518095  0.69405391 0.80300805 0.57780817 0.02425613
  0.53463862]
 [0.75475686 0.31206195 0.78208958 0.02272186 0.85067575 0.95301141
  0.17764952]
 [0.27243533 0.7428074  0.08517565 0.13340286 0.70460851 0.82891087
  0.88173659]
 [0.3898907  0.95863559 0.74769066 0.24016431 0.65478503 0.6480605
  0.22233421]
 [0.80271697 0.966844   0.10916205 0.05157281 0.98040875 0.10787379
  0.25013893]]
Time in method 1: 0.012726545333862305
Time in method 2: 0.01776862144470215
Difference in time: 0.005042076110839844

Kernel: [[0.87978644 0.56394553 0.45179902 0.88054549 0.93854058 0.79787974
  0.79296151]
 [0.15396864 0.89152222 0.40059455 0.75631237 0.41065727 0.24236421
  0.71389541]
 [0.11620711 0.8518095  0.69405391 0.80300805 0.57780817 0.02425613
  0.53463862]
 [0.75475686 0.31206195 0.78208958 0.02272186 0.85067575 0.95301141
  0.17764952]
 [0.27243533 0.7428074  0.08517565 0.13340286 0.70460851 0.82891087
  0.88173659]
 [0.3898907  0.95863559 0.74769066 0.24016431 0.65478503 0.6480605
  0.22233421]
 [0.80271697 0.966844   0.10916205 0.05157281 0.98040875 0.10787379
  0.25013893]]
Time in method 1: 0.01370859146118164
Time in method 2: 0.018332958221435547
Difference in time: 0.004624366760253906

Kernel: [[0.87978644 0.56394553 0.45179902 0.88054549 0.93854058 0.79787974
  0.79296151]
 [0.15396864 0.89152222 0.40059455 0.75631237 0.41065727 0.24236421
  0.71389541]
 [0.11620711 0.8518095  0.69405391 0.80300805 0.57780817 0.02425613
  0.53463862]
 [0.75475686 0.31206195 0.78208958 0.02272186 0.85067575 0.95301141
  0.17764952]
 [0.27243533 0.7428074  0.08517565 0.13340286 0.70460851 0.82891087
  0.88173659]
 [0.3898907  0.95863559 0.74769066 0.24016431 0.65478503 0.6480605
  0.22233421]
 [0.80271697 0.966844   0.10916205 0.05157281 0.98040875 0.10787379
  0.25013893]]
Time in method 1: 0.013698101043701172
Time in method 2: 0.017915964126586914
Difference in time: 0.004217863082885742

Kernel: [[0.87978644 0.56394553 0.45179902 0.88054549 0.93854058 0.79787974
  0.79296151]
 [0.15396864 0.89152222 0.40059455 0.75631237 0.41065727 0.24236421
  0.71389541]
 [0.11620711 0.8518095  0.69405391 0.80300805 0.57780817 0.02425613
  0.53463862]
 [0.75475686 0.31206195 0.78208958 0.02272186 0.85067575 0.95301141
  0.17764952]
 [0.27243533 0.7428074  0.08517565 0.13340286 0.70460851 0.82891087
  0.88173659]
 [0.3898907  0.95863559 0.74769066 0.24016431 0.65478503 0.6480605
  0.22233421]
 [0.80271697 0.966844   0.10916205 0.05157281 0.98040875 0.10787379
  0.25013893]]
Time in method 1: 0.014127969741821289
Time in method 2: 0.019301414489746094
Difference in time: 0.005173444747924805

Kernel: [[5.03733623e-01 8.96104927e-01 2.54657444e-02 2.05679660e-02
  4.38801423e-01 3.87309685e-01 4.49286104e-01 5.40424696e-01
  5.10563128e-01 9.46471558e-02 4.18228122e-01]
 [8.61840018e-01 1.78540234e-02 6.67780985e-02 5.75859791e-01
  1.62540630e-01 2.83877793e-01 5.95177658e-01 8.47131192e-01
  2.49944106e-01 5.12318917e-04 4.70687227e-02]
 [1.28161569e-01 5.81253724e-01 3.20273342e-02 8.01505501e-01
  4.80957836e-01 3.27522968e-01 6.95462696e-01 1.52022263e-01
  2.88003283e-01 1.13531948e-01 7.76735671e-01]
 [1.24618942e-01 7.84341511e-01 7.60431817e-01 6.45032636e-01
  6.83721246e-01 4.94796395e-01 3.72342343e-01 2.07061741e-01
  1.82989094e-01 4.67028521e-03 4.14310088e-01]
 [8.22945859e-01 9.28302340e-01 3.03153716e-01 9.35525137e-01
  9.69874178e-01 7.73242054e-01 4.17537417e-01 4.27354071e-01
  7.16697656e-01 3.32869137e-01 2.69554030e-01]
 [9.81170729e-01 2.30287618e-01 4.86440362e-02 5.79884493e-01
  4.43444766e-01 6.39184052e-02 9.93345414e-01 2.46102167e-01
  2.52225299e-01 9.83120270e-01 1.99664936e-01]
 [1.83626484e-01 8.01273041e-01 8.33133916e-01 9.43118069e-01
  3.52215005e-01 2.24761283e-01 4.65869326e-01 6.83510806e-01
  7.26961650e-01 4.80162267e-01 6.96455701e-01]
 [3.27573195e-01 4.54277857e-01 6.19499654e-01 9.72377028e-01
  9.16453917e-01 9.07196603e-01 7.61198399e-01 5.81602625e-02
  7.70794716e-01 7.37335090e-01 3.87645947e-01]
 [4.39702628e-01 2.24334763e-01 8.04192721e-01 7.31118607e-03
  4.15416200e-01 9.66883391e-01 2.60963495e-02 1.21083439e-01
  2.47487713e-01 5.57091794e-01 3.35017457e-01]
 [3.58988218e-01 4.24755292e-01 6.68325380e-01 2.90264417e-01
  9.27444519e-01 9.54242773e-01 1.42442398e-01 5.41222349e-01
  7.78341281e-02 4.05384686e-01 3.27359582e-01]
 [7.80113279e-01 9.47438494e-01 2.57468411e-01 8.47077028e-01
  1.11507744e-01 7.14814363e-01 6.60084641e-01 8.99702308e-01
  3.40485725e-01 1.31192744e-01 4.16410592e-01]]
Time in method 1: 0.027942419052124023
Time in method 2: 0.04462933540344238
Difference in time: 0.01668691635131836

Kernel: [[5.03733623e-01 8.96104927e-01 2.54657444e-02 2.05679660e-02
  4.38801423e-01 3.87309685e-01 4.49286104e-01 5.40424696e-01
  5.10563128e-01 9.46471558e-02 4.18228122e-01]
 [8.61840018e-01 1.78540234e-02 6.67780985e-02 5.75859791e-01
  1.62540630e-01 2.83877793e-01 5.95177658e-01 8.47131192e-01
  2.49944106e-01 5.12318917e-04 4.70687227e-02]
 [1.28161569e-01 5.81253724e-01 3.20273342e-02 8.01505501e-01
  4.80957836e-01 3.27522968e-01 6.95462696e-01 1.52022263e-01
  2.88003283e-01 1.13531948e-01 7.76735671e-01]
 [1.24618942e-01 7.84341511e-01 7.60431817e-01 6.45032636e-01
  6.83721246e-01 4.94796395e-01 3.72342343e-01 2.07061741e-01
  1.82989094e-01 4.67028521e-03 4.14310088e-01]
 [8.22945859e-01 9.28302340e-01 3.03153716e-01 9.35525137e-01
  9.69874178e-01 7.73242054e-01 4.17537417e-01 4.27354071e-01
  7.16697656e-01 3.32869137e-01 2.69554030e-01]
 [9.81170729e-01 2.30287618e-01 4.86440362e-02 5.79884493e-01
  4.43444766e-01 6.39184052e-02 9.93345414e-01 2.46102167e-01
  2.52225299e-01 9.83120270e-01 1.99664936e-01]
 [1.83626484e-01 8.01273041e-01 8.33133916e-01 9.43118069e-01
  3.52215005e-01 2.24761283e-01 4.65869326e-01 6.83510806e-01
  7.26961650e-01 4.80162267e-01 6.96455701e-01]
 [3.27573195e-01 4.54277857e-01 6.19499654e-01 9.72377028e-01
  9.16453917e-01 9.07196603e-01 7.61198399e-01 5.81602625e-02
  7.70794716e-01 7.37335090e-01 3.87645947e-01]
 [4.39702628e-01 2.24334763e-01 8.04192721e-01 7.31118607e-03
  4.15416200e-01 9.66883391e-01 2.60963495e-02 1.21083439e-01
  2.47487713e-01 5.57091794e-01 3.35017457e-01]
 [3.58988218e-01 4.24755292e-01 6.68325380e-01 2.90264417e-01
  9.27444519e-01 9.54242773e-01 1.42442398e-01 5.41222349e-01
  7.78341281e-02 4.05384686e-01 3.27359582e-01]
 [7.80113279e-01 9.47438494e-01 2.57468411e-01 8.47077028e-01
  1.11507744e-01 7.14814363e-01 6.60084641e-01 8.99702308e-01
  3.40485725e-01 1.31192744e-01 4.16410592e-01]]
Time in method 1: 0.02742481231689453
Time in method 2: 0.045714378356933594
Difference in time: 0.018289566040039062

Kernel: [[5.03733623e-01 8.96104927e-01 2.54657444e-02 2.05679660e-02
  4.38801423e-01 3.87309685e-01 4.49286104e-01 5.40424696e-01
  5.10563128e-01 9.46471558e-02 4.18228122e-01]
 [8.61840018e-01 1.78540234e-02 6.67780985e-02 5.75859791e-01
  1.62540630e-01 2.83877793e-01 5.95177658e-01 8.47131192e-01
  2.49944106e-01 5.12318917e-04 4.70687227e-02]
 [1.28161569e-01 5.81253724e-01 3.20273342e-02 8.01505501e-01
  4.80957836e-01 3.27522968e-01 6.95462696e-01 1.52022263e-01
  2.88003283e-01 1.13531948e-01 7.76735671e-01]
 [1.24618942e-01 7.84341511e-01 7.60431817e-01 6.45032636e-01
  6.83721246e-01 4.94796395e-01 3.72342343e-01 2.07061741e-01
  1.82989094e-01 4.67028521e-03 4.14310088e-01]
 [8.22945859e-01 9.28302340e-01 3.03153716e-01 9.35525137e-01
  9.69874178e-01 7.73242054e-01 4.17537417e-01 4.27354071e-01
  7.16697656e-01 3.32869137e-01 2.69554030e-01]
 [9.81170729e-01 2.30287618e-01 4.86440362e-02 5.79884493e-01
  4.43444766e-01 6.39184052e-02 9.93345414e-01 2.46102167e-01
  2.52225299e-01 9.83120270e-01 1.99664936e-01]
 [1.83626484e-01 8.01273041e-01 8.33133916e-01 9.43118069e-01
  3.52215005e-01 2.24761283e-01 4.65869326e-01 6.83510806e-01
  7.26961650e-01 4.80162267e-01 6.96455701e-01]
 [3.27573195e-01 4.54277857e-01 6.19499654e-01 9.72377028e-01
  9.16453917e-01 9.07196603e-01 7.61198399e-01 5.81602625e-02
  7.70794716e-01 7.37335090e-01 3.87645947e-01]
 [4.39702628e-01 2.24334763e-01 8.04192721e-01 7.31118607e-03
  4.15416200e-01 9.66883391e-01 2.60963495e-02 1.21083439e-01
  2.47487713e-01 5.57091794e-01 3.35017457e-01]
 [3.58988218e-01 4.24755292e-01 6.68325380e-01 2.90264417e-01
  9.27444519e-01 9.54242773e-01 1.42442398e-01 5.41222349e-01
  7.78341281e-02 4.05384686e-01 3.27359582e-01]
 [7.80113279e-01 9.47438494e-01 2.57468411e-01 8.47077028e-01
  1.11507744e-01 7.14814363e-01 6.60084641e-01 8.99702308e-01
  3.40485725e-01 1.31192744e-01 4.16410592e-01]]
Time in method 1: 0.0269625186920166
Time in method 2: 0.04091000556945801
Difference in time: 0.013947486877441406

Kernel: [[5.03733623e-01 8.96104927e-01 2.54657444e-02 2.05679660e-02
  4.38801423e-01 3.87309685e-01 4.49286104e-01 5.40424696e-01
  5.10563128e-01 9.46471558e-02 4.18228122e-01]
 [8.61840018e-01 1.78540234e-02 6.67780985e-02 5.75859791e-01
  1.62540630e-01 2.83877793e-01 5.95177658e-01 8.47131192e-01
  2.49944106e-01 5.12318917e-04 4.70687227e-02]
 [1.28161569e-01 5.81253724e-01 3.20273342e-02 8.01505501e-01
  4.80957836e-01 3.27522968e-01 6.95462696e-01 1.52022263e-01
  2.88003283e-01 1.13531948e-01 7.76735671e-01]
 [1.24618942e-01 7.84341511e-01 7.60431817e-01 6.45032636e-01
  6.83721246e-01 4.94796395e-01 3.72342343e-01 2.07061741e-01
  1.82989094e-01 4.67028521e-03 4.14310088e-01]
 [8.22945859e-01 9.28302340e-01 3.03153716e-01 9.35525137e-01
  9.69874178e-01 7.73242054e-01 4.17537417e-01 4.27354071e-01
  7.16697656e-01 3.32869137e-01 2.69554030e-01]
 [9.81170729e-01 2.30287618e-01 4.86440362e-02 5.79884493e-01
  4.43444766e-01 6.39184052e-02 9.93345414e-01 2.46102167e-01
  2.52225299e-01 9.83120270e-01 1.99664936e-01]
 [1.83626484e-01 8.01273041e-01 8.33133916e-01 9.43118069e-01
  3.52215005e-01 2.24761283e-01 4.65869326e-01 6.83510806e-01
  7.26961650e-01 4.80162267e-01 6.96455701e-01]
 [3.27573195e-01 4.54277857e-01 6.19499654e-01 9.72377028e-01
  9.16453917e-01 9.07196603e-01 7.61198399e-01 5.81602625e-02
  7.70794716e-01 7.37335090e-01 3.87645947e-01]
 [4.39702628e-01 2.24334763e-01 8.04192721e-01 7.31118607e-03
  4.15416200e-01 9.66883391e-01 2.60963495e-02 1.21083439e-01
  2.47487713e-01 5.57091794e-01 3.35017457e-01]
 [3.58988218e-01 4.24755292e-01 6.68325380e-01 2.90264417e-01
  9.27444519e-01 9.54242773e-01 1.42442398e-01 5.41222349e-01
  7.78341281e-02 4.05384686e-01 3.27359582e-01]
 [7.80113279e-01 9.47438494e-01 2.57468411e-01 8.47077028e-01
  1.11507744e-01 7.14814363e-01 6.60084641e-01 8.99702308e-01
  3.40485725e-01 1.31192744e-01 4.16410592e-01]]
Time in method 1: 0.028462886810302734
Time in method 2: 0.04538917541503906
Difference in time: 0.016926288604736328

Kernel: [[5.03733623e-01 8.96104927e-01 2.54657444e-02 2.05679660e-02
  4.38801423e-01 3.87309685e-01 4.49286104e-01 5.40424696e-01
  5.10563128e-01 9.46471558e-02 4.18228122e-01]
 [8.61840018e-01 1.78540234e-02 6.67780985e-02 5.75859791e-01
  1.62540630e-01 2.83877793e-01 5.95177658e-01 8.47131192e-01
  2.49944106e-01 5.12318917e-04 4.70687227e-02]
 [1.28161569e-01 5.81253724e-01 3.20273342e-02 8.01505501e-01
  4.80957836e-01 3.27522968e-01 6.95462696e-01 1.52022263e-01
  2.88003283e-01 1.13531948e-01 7.76735671e-01]
 [1.24618942e-01 7.84341511e-01 7.60431817e-01 6.45032636e-01
  6.83721246e-01 4.94796395e-01 3.72342343e-01 2.07061741e-01
  1.82989094e-01 4.67028521e-03 4.14310088e-01]
 [8.22945859e-01 9.28302340e-01 3.03153716e-01 9.35525137e-01
  9.69874178e-01 7.73242054e-01 4.17537417e-01 4.27354071e-01
  7.16697656e-01 3.32869137e-01 2.69554030e-01]
 [9.81170729e-01 2.30287618e-01 4.86440362e-02 5.79884493e-01
  4.43444766e-01 6.39184052e-02 9.93345414e-01 2.46102167e-01
  2.52225299e-01 9.83120270e-01 1.99664936e-01]
 [1.83626484e-01 8.01273041e-01 8.33133916e-01 9.43118069e-01
  3.52215005e-01 2.24761283e-01 4.65869326e-01 6.83510806e-01
  7.26961650e-01 4.80162267e-01 6.96455701e-01]
 [3.27573195e-01 4.54277857e-01 6.19499654e-01 9.72377028e-01
  9.16453917e-01 9.07196603e-01 7.61198399e-01 5.81602625e-02
  7.70794716e-01 7.37335090e-01 3.87645947e-01]
 [4.39702628e-01 2.24334763e-01 8.04192721e-01 7.31118607e-03
  4.15416200e-01 9.66883391e-01 2.60963495e-02 1.21083439e-01
  2.47487713e-01 5.57091794e-01 3.35017457e-01]
 [3.58988218e-01 4.24755292e-01 6.68325380e-01 2.90264417e-01
  9.27444519e-01 9.54242773e-01 1.42442398e-01 5.41222349e-01
  7.78341281e-02 4.05384686e-01 3.27359582e-01]
 [7.80113279e-01 9.47438494e-01 2.57468411e-01 8.47077028e-01
  1.11507744e-01 7.14814363e-01 6.60084641e-01 8.99702308e-01
  3.40485725e-01 1.31192744e-01 4.16410592e-01]]
Time in method 1: 0.02882099151611328
Time in method 2: 0.04606366157531738
Difference in time: 0.0172426700592041

Iteration: 1
Kernel: [[0.2070655  0.66227436 0.13237956]
 [0.86696803 0.32728243 0.8379108 ]
 [0.69792083 0.02686123 0.06867225]]
Time in method 1: 0.005747079849243164
Time in method 2: 0.00568389892578125
Difference in time: 6.318092346191406e-05

Iteration: 2
Kernel: [[0.2070655  0.66227436 0.13237956]
 [0.86696803 0.32728243 0.8379108 ]
 [0.69792083 0.02686123 0.06867225]]
Time in method 1: 0.005122661590576172
Time in method 2: 0.0054399967193603516
Difference in time: 0.0003173351287841797

Iteration: 3
Kernel: [[0.2070655  0.66227436 0.13237956]
 [0.86696803 0.32728243 0.8379108 ]
 [0.69792083 0.02686123 0.06867225]]
Time in method 1: 0.00606846809387207
Time in method 2: 0.005465269088745117
Difference in time: 0.0006031990051269531

Iteration: 4
Kernel: [[0.2070655  0.66227436 0.13237956]
 [0.86696803 0.32728243 0.8379108 ]
 [0.69792083 0.02686123 0.06867225]]
Time in method 1: 0.005120992660522461
Time in method 2: 0.007822751998901367
Difference in time: 0.0027017593383789062

Iteration: 5
Kernel: [[0.2070655  0.66227436 0.13237956]
 [0.86696803 0.32728243 0.8379108 ]
 [0.69792083 0.02686123 0.06867225]]
Time in method 1: 0.005143880844116211
Time in method 2: 0.005694150924682617
Difference in time: 0.0005502700805664062

Kernel: [[0.52705776 0.25565857 0.3255457  0.42261281 0.34028385 0.28544105
  0.6874637 ]
 [0.04607098 0.39151494 0.54905399 0.5350729  0.04884635 0.13514557
  0.583679  ]
 [0.28039099 0.56513249 0.83491669 0.54095109 0.1341581  0.5892231
  0.01538592]
 [0.91275791 0.56449408 0.5306734  0.69447653 0.07641142 0.8409655
  0.03367876]
 [0.98279955 0.91605844 0.81044801 0.67896065 0.40829306 0.45081805
  0.25887272]
 [0.59017137 0.22422322 0.26071852 0.84566566 0.10316128 0.50935342
  0.49076838]
 [0.393641   0.11975887 0.37619458 0.29681313 0.80989093 0.99101009
  0.51634987]]
Time in method 1: 0.012490987777709961
Time in method 2: 0.017752408981323242
Difference in time: 0.005261421203613281

Kernel: [[0.52705776 0.25565857 0.3255457  0.42261281 0.34028385 0.28544105
  0.6874637 ]
 [0.04607098 0.39151494 0.54905399 0.5350729  0.04884635 0.13514557
  0.583679  ]
 [0.28039099 0.56513249 0.83491669 0.54095109 0.1341581  0.5892231
  0.01538592]
 [0.91275791 0.56449408 0.5306734  0.69447653 0.07641142 0.8409655
  0.03367876]
 [0.98279955 0.91605844 0.81044801 0.67896065 0.40829306 0.45081805
  0.25887272]
 [0.59017137 0.22422322 0.26071852 0.84566566 0.10316128 0.50935342
  0.49076838]
 [0.393641   0.11975887 0.37619458 0.29681313 0.80989093 0.99101009
  0.51634987]]
Time in method 1: 0.013704061508178711
Time in method 2: 0.018410444259643555
Difference in time: 0.004706382751464844

Kernel: [[0.52705776 0.25565857 0.3255457  0.42261281 0.34028385 0.28544105
  0.6874637 ]
 [0.04607098 0.39151494 0.54905399 0.5350729  0.04884635 0.13514557
  0.583679  ]
 [0.28039099 0.56513249 0.83491669 0.54095109 0.1341581  0.5892231
  0.01538592]
 [0.91275791 0.56449408 0.5306734  0.69447653 0.07641142 0.8409655
  0.03367876]
 [0.98279955 0.91605844 0.81044801 0.67896065 0.40829306 0.45081805
  0.25887272]
 [0.59017137 0.22422322 0.26071852 0.84566566 0.10316128 0.50935342
  0.49076838]
 [0.393641   0.11975887 0.37619458 0.29681313 0.80989093 0.99101009
  0.51634987]]
Time in method 1: 0.014217138290405273
Time in method 2: 0.018542051315307617
Difference in time: 0.004324913024902344

Kernel: [[0.52705776 0.25565857 0.3255457  0.42261281 0.34028385 0.28544105
  0.6874637 ]
 [0.04607098 0.39151494 0.54905399 0.5350729  0.04884635 0.13514557
  0.583679  ]
 [0.28039099 0.56513249 0.83491669 0.54095109 0.1341581  0.5892231
  0.01538592]
 [0.91275791 0.56449408 0.5306734  0.69447653 0.07641142 0.8409655
  0.03367876]
 [0.98279955 0.91605844 0.81044801 0.67896065 0.40829306 0.45081805
  0.25887272]
 [0.59017137 0.22422322 0.26071852 0.84566566 0.10316128 0.50935342
  0.49076838]
 [0.393641   0.11975887 0.37619458 0.29681313 0.80989093 0.99101009
  0.51634987]]
Time in method 1: 0.01385188102722168
Time in method 2: 0.018036603927612305
Difference in time: 0.004184722900390625

Kernel: [[0.52705776 0.25565857 0.3255457  0.42261281 0.34028385 0.28544105
  0.6874637 ]
 [0.04607098 0.39151494 0.54905399 0.5350729  0.04884635 0.13514557
  0.583679  ]
 [0.28039099 0.56513249 0.83491669 0.54095109 0.1341581  0.5892231
  0.01538592]
 [0.91275791 0.56449408 0.5306734  0.69447653 0.07641142 0.8409655
  0.03367876]
 [0.98279955 0.91605844 0.81044801 0.67896065 0.40829306 0.45081805
  0.25887272]
 [0.59017137 0.22422322 0.26071852 0.84566566 0.10316128 0.50935342
  0.49076838]
 [0.393641   0.11975887 0.37619458 0.29681313 0.80989093 0.99101009
  0.51634987]]
Time in method 1: 0.01733231544494629
Time in method 2: 0.019042015075683594
Difference in time: 0.0017096996307373047

Kernel: [[4.01046561e-01 2.48358857e-01 3.15177353e-01 3.93653984e-01
  2.80199118e-01 8.31090782e-01 5.78537522e-01 8.15077978e-01
  5.00374392e-01 9.11475968e-01 6.46985693e-01]
 [3.95372910e-01 2.96524116e-01 1.43534444e-01 4.63128405e-01
  9.88252683e-01 9.50342075e-02 9.30060407e-01 9.42387222e-01
  3.49885678e-01 3.97352778e-01 7.53098825e-02]
 [9.46959107e-02 9.86675606e-01 9.31715385e-01 9.53217665e-01
  4.83329958e-01 4.11785127e-02 2.96014542e-01 8.78628804e-01
  7.13501778e-01 4.37657982e-01 9.02611401e-04]
 [8.67273372e-01 4.64742571e-01 9.53957877e-01 6.23910436e-01
  1.69876742e-01 4.64576816e-01 1.34144273e-01 2.16877144e-01
  9.41165029e-01 3.48644269e-01 7.94890196e-01]
 [5.38892782e-01 6.39855932e-01 4.03172347e-01 2.88357853e-01
  5.34797361e-01 8.71429629e-01 2.19301704e-01 6.65250870e-01
  8.76904361e-02 4.42450227e-01 8.25611045e-01]
 [2.62410588e-01 2.31803144e-02 8.96456649e-01 9.44333297e-01
  6.54986041e-01 3.34842585e-01 9.55430314e-01 2.10285086e-01
  8.43339023e-01 5.40779424e-02 1.34384742e-02]
 [1.47173377e-01 5.66795836e-01 8.34492231e-01 6.70263514e-01
  2.69104838e-02 8.77872264e-01 8.48100374e-01 2.73479124e-01
  7.22971331e-01 9.31321385e-01 5.61628346e-01]
 [4.77938773e-01 1.58665700e-01 4.38830245e-01 4.61880697e-01
  5.55931281e-01 9.88765527e-01 9.80745304e-01 2.85772775e-01
  1.27246477e-01 1.06997963e-01 1.91881920e-01]
 [3.46343891e-01 8.96225021e-01 1.28908079e-01 3.13080512e-01
  1.74048343e-01 5.03854534e-01 3.23569733e-01 5.05696475e-01
  9.57897627e-01 2.94313090e-02 8.66562914e-01]
 [7.33326269e-01 5.13937878e-01 3.72357911e-01 7.63563570e-01
  1.74344744e-01 3.98409468e-01 8.35748953e-01 3.92756601e-02
  1.72184716e-02 5.80306511e-02 5.52092275e-01]
 [7.09043234e-01 4.98265320e-01 7.95407566e-01 2.33822996e-01
  3.95685515e-01 7.60530310e-01 4.87871708e-01 9.75159852e-01
  4.82068485e-01 8.03137674e-01 7.83705151e-01]]
Time in method 1: 0.02819061279296875
Time in method 2: 0.043744802474975586
Difference in time: 0.015554189682006836

Kernel: [[4.01046561e-01 2.48358857e-01 3.15177353e-01 3.93653984e-01
  2.80199118e-01 8.31090782e-01 5.78537522e-01 8.15077978e-01
  5.00374392e-01 9.11475968e-01 6.46985693e-01]
 [3.95372910e-01 2.96524116e-01 1.43534444e-01 4.63128405e-01
  9.88252683e-01 9.50342075e-02 9.30060407e-01 9.42387222e-01
  3.49885678e-01 3.97352778e-01 7.53098825e-02]
 [9.46959107e-02 9.86675606e-01 9.31715385e-01 9.53217665e-01
  4.83329958e-01 4.11785127e-02 2.96014542e-01 8.78628804e-01
  7.13501778e-01 4.37657982e-01 9.02611401e-04]
 [8.67273372e-01 4.64742571e-01 9.53957877e-01 6.23910436e-01
  1.69876742e-01 4.64576816e-01 1.34144273e-01 2.16877144e-01
  9.41165029e-01 3.48644269e-01 7.94890196e-01]
 [5.38892782e-01 6.39855932e-01 4.03172347e-01 2.88357853e-01
  5.34797361e-01 8.71429629e-01 2.19301704e-01 6.65250870e-01
  8.76904361e-02 4.42450227e-01 8.25611045e-01]
 [2.62410588e-01 2.31803144e-02 8.96456649e-01 9.44333297e-01
  6.54986041e-01 3.34842585e-01 9.55430314e-01 2.10285086e-01
  8.43339023e-01 5.40779424e-02 1.34384742e-02]
 [1.47173377e-01 5.66795836e-01 8.34492231e-01 6.70263514e-01
  2.69104838e-02 8.77872264e-01 8.48100374e-01 2.73479124e-01
  7.22971331e-01 9.31321385e-01 5.61628346e-01]
 [4.77938773e-01 1.58665700e-01 4.38830245e-01 4.61880697e-01
  5.55931281e-01 9.88765527e-01 9.80745304e-01 2.85772775e-01
  1.27246477e-01 1.06997963e-01 1.91881920e-01]
 [3.46343891e-01 8.96225021e-01 1.28908079e-01 3.13080512e-01
  1.74048343e-01 5.03854534e-01 3.23569733e-01 5.05696475e-01
  9.57897627e-01 2.94313090e-02 8.66562914e-01]
 [7.33326269e-01 5.13937878e-01 3.72357911e-01 7.63563570e-01
  1.74344744e-01 3.98409468e-01 8.35748953e-01 3.92756601e-02
  1.72184716e-02 5.80306511e-02 5.52092275e-01]
 [7.09043234e-01 4.98265320e-01 7.95407566e-01 2.33822996e-01
  3.95685515e-01 7.60530310e-01 4.87871708e-01 9.75159852e-01
  4.82068485e-01 8.03137674e-01 7.83705151e-01]]
Time in method 1: 0.02809739112854004
Time in method 2: 0.04054450988769531
Difference in time: 0.012447118759155273

Kernel: [[4.01046561e-01 2.48358857e-01 3.15177353e-01 3.93653984e-01
  2.80199118e-01 8.31090782e-01 5.78537522e-01 8.15077978e-01
  5.00374392e-01 9.11475968e-01 6.46985693e-01]
 [3.95372910e-01 2.96524116e-01 1.43534444e-01 4.63128405e-01
  9.88252683e-01 9.50342075e-02 9.30060407e-01 9.42387222e-01
  3.49885678e-01 3.97352778e-01 7.53098825e-02]
 [9.46959107e-02 9.86675606e-01 9.31715385e-01 9.53217665e-01
  4.83329958e-01 4.11785127e-02 2.96014542e-01 8.78628804e-01
  7.13501778e-01 4.37657982e-01 9.02611401e-04]
 [8.67273372e-01 4.64742571e-01 9.53957877e-01 6.23910436e-01
  1.69876742e-01 4.64576816e-01 1.34144273e-01 2.16877144e-01
  9.41165029e-01 3.48644269e-01 7.94890196e-01]
 [5.38892782e-01 6.39855932e-01 4.03172347e-01 2.88357853e-01
  5.34797361e-01 8.71429629e-01 2.19301704e-01 6.65250870e-01
  8.76904361e-02 4.42450227e-01 8.25611045e-01]
 [2.62410588e-01 2.31803144e-02 8.96456649e-01 9.44333297e-01
  6.54986041e-01 3.34842585e-01 9.55430314e-01 2.10285086e-01
  8.43339023e-01 5.40779424e-02 1.34384742e-02]
 [1.47173377e-01 5.66795836e-01 8.34492231e-01 6.70263514e-01
  2.69104838e-02 8.77872264e-01 8.48100374e-01 2.73479124e-01
  7.22971331e-01 9.31321385e-01 5.61628346e-01]
 [4.77938773e-01 1.58665700e-01 4.38830245e-01 4.61880697e-01
  5.55931281e-01 9.88765527e-01 9.80745304e-01 2.85772775e-01
  1.27246477e-01 1.06997963e-01 1.91881920e-01]
 [3.46343891e-01 8.96225021e-01 1.28908079e-01 3.13080512e-01
  1.74048343e-01 5.03854534e-01 3.23569733e-01 5.05696475e-01
  9.57897627e-01 2.94313090e-02 8.66562914e-01]
 [7.33326269e-01 5.13937878e-01 3.72357911e-01 7.63563570e-01
  1.74344744e-01 3.98409468e-01 8.35748953e-01 3.92756601e-02
  1.72184716e-02 5.80306511e-02 5.52092275e-01]
 [7.09043234e-01 4.98265320e-01 7.95407566e-01 2.33822996e-01
  3.95685515e-01 7.60530310e-01 4.87871708e-01 9.75159852e-01
  4.82068485e-01 8.03137674e-01 7.83705151e-01]]
Time in method 1: 0.028771162033081055
Time in method 2: 0.043448448181152344
Difference in time: 0.014677286148071289

Kernel: [[4.01046561e-01 2.48358857e-01 3.15177353e-01 3.93653984e-01
  2.80199118e-01 8.31090782e-01 5.78537522e-01 8.15077978e-01
  5.00374392e-01 9.11475968e-01 6.46985693e-01]
 [3.95372910e-01 2.96524116e-01 1.43534444e-01 4.63128405e-01
  9.88252683e-01 9.50342075e-02 9.30060407e-01 9.42387222e-01
  3.49885678e-01 3.97352778e-01 7.53098825e-02]
 [9.46959107e-02 9.86675606e-01 9.31715385e-01 9.53217665e-01
  4.83329958e-01 4.11785127e-02 2.96014542e-01 8.78628804e-01
  7.13501778e-01 4.37657982e-01 9.02611401e-04]
 [8.67273372e-01 4.64742571e-01 9.53957877e-01 6.23910436e-01
  1.69876742e-01 4.64576816e-01 1.34144273e-01 2.16877144e-01
  9.41165029e-01 3.48644269e-01 7.94890196e-01]
 [5.38892782e-01 6.39855932e-01 4.03172347e-01 2.88357853e-01
  5.34797361e-01 8.71429629e-01 2.19301704e-01 6.65250870e-01
  8.76904361e-02 4.42450227e-01 8.25611045e-01]
 [2.62410588e-01 2.31803144e-02 8.96456649e-01 9.44333297e-01
  6.54986041e-01 3.34842585e-01 9.55430314e-01 2.10285086e-01
  8.43339023e-01 5.40779424e-02 1.34384742e-02]
 [1.47173377e-01 5.66795836e-01 8.34492231e-01 6.70263514e-01
  2.69104838e-02 8.77872264e-01 8.48100374e-01 2.73479124e-01
  7.22971331e-01 9.31321385e-01 5.61628346e-01]
 [4.77938773e-01 1.58665700e-01 4.38830245e-01 4.61880697e-01
  5.55931281e-01 9.88765527e-01 9.80745304e-01 2.85772775e-01
  1.27246477e-01 1.06997963e-01 1.91881920e-01]
 [3.46343891e-01 8.96225021e-01 1.28908079e-01 3.13080512e-01
  1.74048343e-01 5.03854534e-01 3.23569733e-01 5.05696475e-01
  9.57897627e-01 2.94313090e-02 8.66562914e-01]
 [7.33326269e-01 5.13937878e-01 3.72357911e-01 7.63563570e-01
  1.74344744e-01 3.98409468e-01 8.35748953e-01 3.92756601e-02
  1.72184716e-02 5.80306511e-02 5.52092275e-01]
 [7.09043234e-01 4.98265320e-01 7.95407566e-01 2.33822996e-01
  3.95685515e-01 7.60530310e-01 4.87871708e-01 9.75159852e-01
  4.82068485e-01 8.03137674e-01 7.83705151e-01]]
Time in method 1: 0.027544021606445312
Time in method 2: 0.042176008224487305
Difference in time: 0.014631986618041992

Kernel: [[4.01046561e-01 2.48358857e-01 3.15177353e-01 3.93653984e-01
  2.80199118e-01 8.31090782e-01 5.78537522e-01 8.15077978e-01
  5.00374392e-01 9.11475968e-01 6.46985693e-01]
 [3.95372910e-01 2.96524116e-01 1.43534444e-01 4.63128405e-01
  9.88252683e-01 9.50342075e-02 9.30060407e-01 9.42387222e-01
  3.49885678e-01 3.97352778e-01 7.53098825e-02]
 [9.46959107e-02 9.86675606e-01 9.31715385e-01 9.53217665e-01
  4.83329958e-01 4.11785127e-02 2.96014542e-01 8.78628804e-01
  7.13501778e-01 4.37657982e-01 9.02611401e-04]
 [8.67273372e-01 4.64742571e-01 9.53957877e-01 6.23910436e-01
  1.69876742e-01 4.64576816e-01 1.34144273e-01 2.16877144e-01
  9.41165029e-01 3.48644269e-01 7.94890196e-01]
 [5.38892782e-01 6.39855932e-01 4.03172347e-01 2.88357853e-01
  5.34797361e-01 8.71429629e-01 2.19301704e-01 6.65250870e-01
  8.76904361e-02 4.42450227e-01 8.25611045e-01]
 [2.62410588e-01 2.31803144e-02 8.96456649e-01 9.44333297e-01
  6.54986041e-01 3.34842585e-01 9.55430314e-01 2.10285086e-01
  8.43339023e-01 5.40779424e-02 1.34384742e-02]
 [1.47173377e-01 5.66795836e-01 8.34492231e-01 6.70263514e-01
  2.69104838e-02 8.77872264e-01 8.48100374e-01 2.73479124e-01
  7.22971331e-01 9.31321385e-01 5.61628346e-01]
 [4.77938773e-01 1.58665700e-01 4.38830245e-01 4.61880697e-01
  5.55931281e-01 9.88765527e-01 9.80745304e-01 2.85772775e-01
  1.27246477e-01 1.06997963e-01 1.91881920e-01]
 [3.46343891e-01 8.96225021e-01 1.28908079e-01 3.13080512e-01
  1.74048343e-01 5.03854534e-01 3.23569733e-01 5.05696475e-01
  9.57897627e-01 2.94313090e-02 8.66562914e-01]
 [7.33326269e-01 5.13937878e-01 3.72357911e-01 7.63563570e-01
  1.74344744e-01 3.98409468e-01 8.35748953e-01 3.92756601e-02
  1.72184716e-02 5.80306511e-02 5.52092275e-01]
 [7.09043234e-01 4.98265320e-01 7.95407566e-01 2.33822996e-01
  3.95685515e-01 7.60530310e-01 4.87871708e-01 9.75159852e-01
  4.82068485e-01 8.03137674e-01 7.83705151e-01]]
Time in method 1: 0.02818608283996582
Time in method 2: 0.040885210037231445
Difference in time: 0.012699127197265625

Iteration: 1
Kernel: [[0.55866676 0.07478606 0.79772976]
 [0.88725864 0.89852845 0.41318393]
 [0.25959753 0.19558562 0.33628903]]
Time in method 1: 0.0048122406005859375
Time in method 2: 0.0052640438079833984
Difference in time: 0.00045180320739746094

Iteration: 2
Kernel: [[0.55866676 0.07478606 0.79772976]
 [0.88725864 0.89852845 0.41318393]
 [0.25959753 0.19558562 0.33628903]]
Time in method 1: 0.005285024642944336
Time in method 2: 0.005461931228637695
Difference in time: 0.00017690658569335938

Iteration: 3
Kernel: [[0.55866676 0.07478606 0.79772976]
 [0.88725864 0.89852845 0.41318393]
 [0.25959753 0.19558562 0.33628903]]
Time in method 1: 0.0053293704986572266
Time in method 2: 0.005881309509277344
Difference in time: 0.0005519390106201172

Iteration: 4
Kernel: [[0.55866676 0.07478606 0.79772976]
 [0.88725864 0.89852845 0.41318393]
 [0.25959753 0.19558562 0.33628903]]
Time in method 1: 0.005478858947753906
Time in method 2: 0.005582332611083984
Difference in time: 0.00010347366333007812

Iteration: 5
Kernel: [[0.55866676 0.07478606 0.79772976]
 [0.88725864 0.89852845 0.41318393]
 [0.25959753 0.19558562 0.33628903]]
Time in method 1: 0.005345821380615234
Time in method 2: 0.005437374114990234
Difference in time: 9.1552734375e-05

Kernel: [[0.95276787 0.50262624 0.98495982 0.14085559 0.27863814 0.56773383
  0.00398983]
 [0.61612896 0.47363421 0.88892966 0.47136934 0.76685323 0.69585334
  0.09377326]
 [0.37095226 0.91764506 0.29691183 0.58640518 0.5663212  0.97009864
  0.52051867]
 [0.40957522 0.91276471 0.32374066 0.24784848 0.43997151 0.80161247
  0.0235274 ]
 [0.23615784 0.71441487 0.75803432 0.01488569 0.721568   0.22257306
  0.36688965]
 [0.15699601 0.40516848 0.0239371  0.19631991 0.41372669 0.12612725
  0.22588445]
 [0.25138254 0.78058207 0.98284116 0.58469906 0.04360227 0.26428151
  0.61244039]]
Time in method 1: 0.012309789657592773
Time in method 2: 0.016782283782958984
Difference in time: 0.004472494125366211

Kernel: [[0.95276787 0.50262624 0.98495982 0.14085559 0.27863814 0.56773383
  0.00398983]
 [0.61612896 0.47363421 0.88892966 0.47136934 0.76685323 0.69585334
  0.09377326]
 [0.37095226 0.91764506 0.29691183 0.58640518 0.5663212  0.97009864
  0.52051867]
 [0.40957522 0.91276471 0.32374066 0.24784848 0.43997151 0.80161247
  0.0235274 ]
 [0.23615784 0.71441487 0.75803432 0.01488569 0.721568   0.22257306
  0.36688965]
 [0.15699601 0.40516848 0.0239371  0.19631991 0.41372669 0.12612725
  0.22588445]
 [0.25138254 0.78058207 0.98284116 0.58469906 0.04360227 0.26428151
  0.61244039]]
Time in method 1: 0.012854576110839844
Time in method 2: 0.017819643020629883
Difference in time: 0.004965066909790039

Kernel: [[0.95276787 0.50262624 0.98495982 0.14085559 0.27863814 0.56773383
  0.00398983]
 [0.61612896 0.47363421 0.88892966 0.47136934 0.76685323 0.69585334
  0.09377326]
 [0.37095226 0.91764506 0.29691183 0.58640518 0.5663212  0.97009864
  0.52051867]
 [0.40957522 0.91276471 0.32374066 0.24784848 0.43997151 0.80161247
  0.0235274 ]
 [0.23615784 0.71441487 0.75803432 0.01488569 0.721568   0.22257306
  0.36688965]
 [0.15699601 0.40516848 0.0239371  0.19631991 0.41372669 0.12612725
  0.22588445]
 [0.25138254 0.78058207 0.98284116 0.58469906 0.04360227 0.26428151
  0.61244039]]
Time in method 1: 0.012972593307495117
Time in method 2: 0.01794576644897461
Difference in time: 0.004973173141479492

Kernel: [[0.95276787 0.50262624 0.98495982 0.14085559 0.27863814 0.56773383
  0.00398983]
 [0.61612896 0.47363421 0.88892966 0.47136934 0.76685323 0.69585334
  0.09377326]
 [0.37095226 0.91764506 0.29691183 0.58640518 0.5663212  0.97009864
  0.52051867]
 [0.40957522 0.91276471 0.32374066 0.24784848 0.43997151 0.80161247
  0.0235274 ]
 [0.23615784 0.71441487 0.75803432 0.01488569 0.721568   0.22257306
  0.36688965]
 [0.15699601 0.40516848 0.0239371  0.19631991 0.41372669 0.12612725
  0.22588445]
 [0.25138254 0.78058207 0.98284116 0.58469906 0.04360227 0.26428151
  0.61244039]]
Time in method 1: 0.01318979263305664
Time in method 2: 0.017794132232666016
Difference in time: 0.004604339599609375

Kernel: [[0.95276787 0.50262624 0.98495982 0.14085559 0.27863814 0.56773383
  0.00398983]
 [0.61612896 0.47363421 0.88892966 0.47136934 0.76685323 0.69585334
  0.09377326]
 [0.37095226 0.91764506 0.29691183 0.58640518 0.5663212  0.97009864
  0.52051867]
 [0.40957522 0.91276471 0.32374066 0.24784848 0.43997151 0.80161247
  0.0235274 ]
 [0.23615784 0.71441487 0.75803432 0.01488569 0.721568   0.22257306
  0.36688965]
 [0.15699601 0.40516848 0.0239371  0.19631991 0.41372669 0.12612725
  0.22588445]
 [0.25138254 0.78058207 0.98284116 0.58469906 0.04360227 0.26428151
  0.61244039]]
Time in method 1: 0.013705253601074219
Time in method 2: 0.018224239349365234
Difference in time: 0.004518985748291016

Kernel: [[0.34310434 0.57069896 0.14624264 0.37402714 0.52219535 0.172506
  0.44115642 0.18640718 0.08643735 0.98876818 0.42019402]
 [0.6440831  0.48283347 0.36303416 0.74774549 0.23908804 0.38146119
  0.44728917 0.21708785 0.9755897  0.8993918  0.63670897]
 [0.5483355  0.55736131 0.06513673 0.18456497 0.74954188 0.18307991
  0.76521358 0.83552473 0.77870532 0.80929025 0.7335919 ]
 [0.71340584 0.65936546 0.69282041 0.93987824 0.53836485 0.0653295
  0.92897959 0.52921833 0.5326097  0.22163106 0.18133243]
 [0.68563617 0.97643052 0.02427739 0.30067525 0.68592639 0.08822728
  0.18384039 0.1087198  0.47936089 0.03329093 0.549787  ]
 [0.96960987 0.91519871 0.98551763 0.46740572 0.0465259  0.01809601
  0.8722486  0.65595128 0.50235766 0.43705308 0.34753278]
 [0.67959749 0.00832733 0.26133625 0.62141099 0.48654192 0.84235149
  0.48074219 0.4435783  0.29634836 0.30464129 0.31264508]
 [0.75896547 0.27492815 0.20588847 0.82576027 0.73963131 0.60551221
  0.9843781  0.20602215 0.61884314 0.49789927 0.82568524]
 [0.74515883 0.41058594 0.2097337  0.88251279 0.77054772 0.51703034
  0.65345392 0.96895617 0.11087096 0.23208805 0.41137511]
 [0.61819802 0.57207472 0.21214055 0.33298008 0.58393764 0.20131451
  0.12677273 0.00863063 0.83305169 0.50860517 0.55251252]
 [0.69409947 0.18503593 0.49823594 0.24927529 0.27364403 0.61200007
  0.75747572 0.87771185 0.14404323 0.67870617 0.55850604]]
Time in method 1: 0.028450489044189453
Time in method 2: 0.041263580322265625
Difference in time: 0.012813091278076172

Kernel: [[0.34310434 0.57069896 0.14624264 0.37402714 0.52219535 0.172506
  0.44115642 0.18640718 0.08643735 0.98876818 0.42019402]
 [0.6440831  0.48283347 0.36303416 0.74774549 0.23908804 0.38146119
  0.44728917 0.21708785 0.9755897  0.8993918  0.63670897]
 [0.5483355  0.55736131 0.06513673 0.18456497 0.74954188 0.18307991
  0.76521358 0.83552473 0.77870532 0.80929025 0.7335919 ]
 [0.71340584 0.65936546 0.69282041 0.93987824 0.53836485 0.0653295
  0.92897959 0.52921833 0.5326097  0.22163106 0.18133243]
 [0.68563617 0.97643052 0.02427739 0.30067525 0.68592639 0.08822728
  0.18384039 0.1087198  0.47936089 0.03329093 0.549787  ]
 [0.96960987 0.91519871 0.98551763 0.46740572 0.0465259  0.01809601
  0.8722486  0.65595128 0.50235766 0.43705308 0.34753278]
 [0.67959749 0.00832733 0.26133625 0.62141099 0.48654192 0.84235149
  0.48074219 0.4435783  0.29634836 0.30464129 0.31264508]
 [0.75896547 0.27492815 0.20588847 0.82576027 0.73963131 0.60551221
  0.9843781  0.20602215 0.61884314 0.49789927 0.82568524]
 [0.74515883 0.41058594 0.2097337  0.88251279 0.77054772 0.51703034
  0.65345392 0.96895617 0.11087096 0.23208805 0.41137511]
 [0.61819802 0.57207472 0.21214055 0.33298008 0.58393764 0.20131451
  0.12677273 0.00863063 0.83305169 0.50860517 0.55251252]
 [0.69409947 0.18503593 0.49823594 0.24927529 0.27364403 0.61200007
  0.75747572 0.87771185 0.14404323 0.67870617 0.55850604]]
Time in method 1: 0.026717185974121094
Time in method 2: 0.04274106025695801
Difference in time: 0.016023874282836914

Kernel: [[0.34310434 0.57069896 0.14624264 0.37402714 0.52219535 0.172506
  0.44115642 0.18640718 0.08643735 0.98876818 0.42019402]
 [0.6440831  0.48283347 0.36303416 0.74774549 0.23908804 0.38146119
  0.44728917 0.21708785 0.9755897  0.8993918  0.63670897]
 [0.5483355  0.55736131 0.06513673 0.18456497 0.74954188 0.18307991
  0.76521358 0.83552473 0.77870532 0.80929025 0.7335919 ]
 [0.71340584 0.65936546 0.69282041 0.93987824 0.53836485 0.0653295
  0.92897959 0.52921833 0.5326097  0.22163106 0.18133243]
 [0.68563617 0.97643052 0.02427739 0.30067525 0.68592639 0.08822728
  0.18384039 0.1087198  0.47936089 0.03329093 0.549787  ]
 [0.96960987 0.91519871 0.98551763 0.46740572 0.0465259  0.01809601
  0.8722486  0.65595128 0.50235766 0.43705308 0.34753278]
 [0.67959749 0.00832733 0.26133625 0.62141099 0.48654192 0.84235149
  0.48074219 0.4435783  0.29634836 0.30464129 0.31264508]
 [0.75896547 0.27492815 0.20588847 0.82576027 0.73963131 0.60551221
  0.9843781  0.20602215 0.61884314 0.49789927 0.82568524]
 [0.74515883 0.41058594 0.2097337  0.88251279 0.77054772 0.51703034
  0.65345392 0.96895617 0.11087096 0.23208805 0.41137511]
 [0.61819802 0.57207472 0.21214055 0.33298008 0.58393764 0.20131451
  0.12677273 0.00863063 0.83305169 0.50860517 0.55251252]
 [0.69409947 0.18503593 0.49823594 0.24927529 0.27364403 0.61200007
  0.75747572 0.87771185 0.14404323 0.67870617 0.55850604]]
Time in method 1: 0.03803825378417969
Time in method 2: 0.04216742515563965
Difference in time: 0.004129171371459961

Kernel: [[0.34310434 0.57069896 0.14624264 0.37402714 0.52219535 0.172506
  0.44115642 0.18640718 0.08643735 0.98876818 0.42019402]
 [0.6440831  0.48283347 0.36303416 0.74774549 0.23908804 0.38146119
  0.44728917 0.21708785 0.9755897  0.8993918  0.63670897]
 [0.5483355  0.55736131 0.06513673 0.18456497 0.74954188 0.18307991
  0.76521358 0.83552473 0.77870532 0.80929025 0.7335919 ]
 [0.71340584 0.65936546 0.69282041 0.93987824 0.53836485 0.0653295
  0.92897959 0.52921833 0.5326097  0.22163106 0.18133243]
 [0.68563617 0.97643052 0.02427739 0.30067525 0.68592639 0.08822728
  0.18384039 0.1087198  0.47936089 0.03329093 0.549787  ]
 [0.96960987 0.91519871 0.98551763 0.46740572 0.0465259  0.01809601
  0.8722486  0.65595128 0.50235766 0.43705308 0.34753278]
 [0.67959749 0.00832733 0.26133625 0.62141099 0.48654192 0.84235149
  0.48074219 0.4435783  0.29634836 0.30464129 0.31264508]
 [0.75896547 0.27492815 0.20588847 0.82576027 0.73963131 0.60551221
  0.9843781  0.20602215 0.61884314 0.49789927 0.82568524]
 [0.74515883 0.41058594 0.2097337  0.88251279 0.77054772 0.51703034
  0.65345392 0.96895617 0.11087096 0.23208805 0.41137511]
 [0.61819802 0.57207472 0.21214055 0.33298008 0.58393764 0.20131451
  0.12677273 0.00863063 0.83305169 0.50860517 0.55251252]
 [0.69409947 0.18503593 0.49823594 0.24927529 0.27364403 0.61200007
  0.75747572 0.87771185 0.14404323 0.67870617 0.55850604]]
Time in method 1: 0.02736806869506836
Time in method 2: 0.04180788993835449
Difference in time: 0.014439821243286133

Kernel: [[0.34310434 0.57069896 0.14624264 0.37402714 0.52219535 0.172506
  0.44115642 0.18640718 0.08643735 0.98876818 0.42019402]
 [0.6440831  0.48283347 0.36303416 0.74774549 0.23908804 0.38146119
  0.44728917 0.21708785 0.9755897  0.8993918  0.63670897]
 [0.5483355  0.55736131 0.06513673 0.18456497 0.74954188 0.18307991
  0.76521358 0.83552473 0.77870532 0.80929025 0.7335919 ]
 [0.71340584 0.65936546 0.69282041 0.93987824 0.53836485 0.0653295
  0.92897959 0.52921833 0.5326097  0.22163106 0.18133243]
 [0.68563617 0.97643052 0.02427739 0.30067525 0.68592639 0.08822728
  0.18384039 0.1087198  0.47936089 0.03329093 0.549787  ]
 [0.96960987 0.91519871 0.98551763 0.46740572 0.0465259  0.01809601
  0.8722486  0.65595128 0.50235766 0.43705308 0.34753278]
 [0.67959749 0.00832733 0.26133625 0.62141099 0.48654192 0.84235149
  0.48074219 0.4435783  0.29634836 0.30464129 0.31264508]
 [0.75896547 0.27492815 0.20588847 0.82576027 0.73963131 0.60551221
  0.9843781  0.20602215 0.61884314 0.49789927 0.82568524]
 [0.74515883 0.41058594 0.2097337  0.88251279 0.77054772 0.51703034
  0.65345392 0.96895617 0.11087096 0.23208805 0.41137511]
 [0.61819802 0.57207472 0.21214055 0.33298008 0.58393764 0.20131451
  0.12677273 0.00863063 0.83305169 0.50860517 0.55251252]
 [0.69409947 0.18503593 0.49823594 0.24927529 0.27364403 0.61200007
  0.75747572 0.87771185 0.14404323 0.67870617 0.55850604]]
Time in method 1: 0.026263713836669922
Time in method 2: 0.039255619049072266
Difference in time: 0.012991905212402344

